0.920933 0.930816 0.929067 0.930461 0.898632
0.929143 0.927978 0.929549 0.9296 0.880892
0.934415 0.926153 0.928991 0.927843 0.880892
0.932793 0.921896 0.927268 0.925106 0.885454
0.927623 0.91926 0.92552 0.922554 0.915864
0.917587 0.916776 0.92372 0.921575 0.923974
0.90441 0.914546 0.923999 0.920848 0.935124
0.894678 0.91257 0.923543 0.921541 0.937152
0.892347 0.912519 0.922529 0.92269 0.900659
0.897415 0.912924 0.921389 0.92225 0.893056
0.908262 0.911961 0.918297 0.921423 0.900659
0.919513 0.908616 0.915661 0.921118 0.91485
0.922554 0.90517 0.913634 0.921102 0.886467
0.917993 0.905373 0.914014 0.920122 0.896097
0.91333 0.908768 0.913051 0.919277 0.894577
0.909275 0.909326 0.912468 0.918753 0.908768
0.899138 0.91039 0.910416 0.917942 0.910289
0.898226 0.908262 0.90963 0.916439 0.912316
0.89853 0.906741 0.908591 0.91485 0.909275
0.900152 0.904257 0.906868 0.913077 0.913837
0.89924 0.901774 0.905626 0.912012 0.902686
0.90441 0.902636 0.904942 0.910728 0.900659
0.907045 0.904714 0.905144 0.910509 0.900152
0.910897 0.904916 0.906133 0.910323 0.89407
0.909681 0.903497 0.907096 0.909867 0.88596
0.907755 0.904866 0.907527 0.908211 0.883933
0.905322 0.904663 0.906031 0.906859 0.87481
0.902281 0.903801 0.904029 0.904984 0.877344
0.896706 0.901318 0.901014 0.902669 0.864673
0.892955 0.89777 0.898023 0.900355 0.849975
0.887785 0.894273 0.896224 0.89777 0.848961
0.883224 0.889812 0.89407 0.896114 0.819564
0.877344 0.883426 0.891485 0.89407 0.827674
0.870147 0.878054 0.886721 0.892296 0.831728
0.863153 0.869944 0.883781 0.890505 0.860618
0.852103 0.862696 0.880563 0.888664 0.859605
0.842169 0.856462 0.878865 0.886518 0.866194
0.83558 0.853928 0.876406 0.88422 0.873796
0.837709 0.851495 0.874202 0.882108 0.882919
0.839838 0.850634 0.872276 0.881517 0.87481
0.849164 0.850279 0.870958 0.880909 0.895084
0.858388 0.852103 0.869007 0.880723 0.908262
0.868626 0.854587 0.868626 0.880503 0.903193
0.871465 0.859199 0.869007 0.881061 0.912316
0.878561 0.868069 0.869159 0.881602 0.92296
0.886974 0.875621 0.870071 0.882548 0.906741
0.892854 0.88368 0.871921 0.88248 0.90522
0.898733 0.889914 0.873061 0.882311 0.871769
0.908363 0.894627 0.874582 0.88096 0.889508
0.910694 0.89853 0.874303 0.880301 0.886974
0.910086 0.898327 0.875545 0.879405 0.878865
0.903801 0.898986 0.877395 0.878611 0.878358
0.89924 0.900203 0.87889 0.877868 0.858591
0.892043 0.898581 0.88183 0.876483 0.852509
0.886467 0.89559 0.883376 0.875097 0.851495
0.881095 0.89113 0.884415 0.873948 0.841358
0.878459 0.88515 0.883958 0.872529 0.855043
0.871059 0.878003 0.883046 0.87187 0.868728
0.863964 0.871465 0.882489 0.871583 0.898632
0.856462 0.866447 0.882235 0.872715 0.901166
0.851799 0.866143 0.883021 0.874421 0.904207
0.853827 0.867055 0.884339 0.876263 0.89559
0.863051 0.868474 0.884795 0.878797 0.899645
0.872985 0.871009 0.884161 0.881196 0.919412
0.885555 0.872732 0.883984 0.884119 0.910796
0.893664 0.876837 0.884339 0.885792 0.873796
0.899848 0.883528 0.88373 0.886265 0.875824
0.904004 0.889458 0.882083 0.886586 0.863153
0.90593 0.892701 0.880613 0.886231 0.850482
0.899848 0.89478 0.880182 0.88515 0.873796
0.895895 0.894222 0.878231 0.885116 0.865687
0.888596 0.889407 0.877572 0.884136 0.863153
0.87481 0.88667 0.876913 0.882632 0.872276
0.86741 0.882818 0.876153 0.881602 0.903193
0.865788 0.879574 0.876837 0.881298 0.90522
0.863254 0.876837 0.879372 0.880706 0.912823
0.865079 0.875215 0.882058 0.880909 0.926001
0.875621 0.874658 0.885631 0.881602 0.915357
0.881906 0.878561 0.889179 0.883055 0.916878
0.891333 0.883578 0.89151 0.883967 0.931576
0.903903 0.888799 0.892423 0.885454 0.922453
0.912519 0.895438 0.893943 0.886907 0.972124
0.915256 0.901216 0.894856 0.890032 0.959453
0.920527 0.906893 0.898682 0.893394 0.964014
0.922453 0.91779 0.901673 0.897111 0.964521
0.931678 0.926508 0.903903 0.900879 0.965535
0.940497 0.93259 0.906589 0.905018 0.979219
0.949924 0.93852 0.911176 0.909157 0.992397
0.956513 0.943791 0.916346 0.913279 0.984795
0.965129 0.949113 0.922808 0.916151 0.994932
0.966548 0.956817 0.929524 0.919277 0.998986
0.973137 0.963609 0.93558 0.922436 1
0.977293 0.969944 0.942245 0.925917 0.988849
0.983376 0.977598 0.949088 0.92889 0.985302
0.990066 0.980385 0.954916 0.931086 0.969083
0.994222 0.983325 0.959022 0.933029 0.980233
0.993512 0.985454 0.962215 0.936577 0.910289
0.993614 0.98591 0.965585 0.937726 0.905727
0.988444 0.98738 0.9648 0.939145 0.915357
0.984693 0.980487 0.964318 0.941308 0.90522
0.966751 0.97182 0.964242 0.942355 0.915357
0.950127 0.964876 0.962924 0.944011 0.912316
0.936138 0.955905 0.96257 0.94565 0.910796
0.923365 0.947542 0.959579 0.946934 0.908768
0.91039 0.938773 0.957146 0.947119 0.889508
0.910796 0.930968 0.954384 0.946596 0.864673
0.911809 0.923315 0.950634 0.944991 0.85707
0.910492 0.915357 0.94559 0.942693 0.875317
0.907349 0.903801 0.939483 0.941358 0.859605
0.897212 0.898479 0.933629 0.939449 0.864673
0.886163 0.895438 0.927369 0.937219 0.863659
0.879067 0.889863 0.920857 0.935259 0.856564
0.869235 0.885808 0.91409 0.931407 0.838824
0.864268 0.880639 0.906918 0.927386 0.829701
0.864065 0.875063 0.899417 0.922909 0.802838
0.863964 0.867866 0.891637 0.91752 0.822098
0.856665 0.859959 0.883325 0.912739 0.820071
0.850684 0.851292 0.875418 0.907434 0.847947
0.838317 0.847035 0.870907 0.902619 0.864673
0.830005 0.843335 0.868018 0.898615 0.847947
0.822707 0.840598 0.865484 0.893715 0.83629
0.824531 0.841105 0.86262 0.888292 0.835276
0.831526 0.839432 0.858667 0.882801 0.848961
0.840547 0.836695 0.854815 0.878138 0.860112
0.843386 0.834567 0.851723 0.873965 0.859098
0.846427 0.83558 0.84929 0.870299 0.855043
0.846629 0.838621 0.84777 0.866126 0.868728
0.845717 0.844247 0.847288 0.864741 0.853523
0.847947 0.847542 0.847871 0.863001 0.85707
0.851698 0.852408 0.846782 0.861058 0.854536
0.858388 0.852965 0.846655 0.859368 0.846427
0.859301 0.852205 0.846148 0.85707 0.84744
0.858692 0.852864 0.845286 0.854908 0.847947
0.85778 0.853877 0.84483 0.852813 0.844399
0.856057 0.855094 0.845286 0.850667 0.850482
0.851799 0.854992 0.846021 0.849366 0.852509
0.850684 0.853421 0.848403 0.848961 0.855043
0.84815 0.85256 0.849924 0.848893 0.844906
0.847339 0.852306 0.851673 0.84788 0.85707
0.848555 0.850938 0.851521 0.847795 0.863659
0.850076 0.850076 0.85114 0.847761 0.868221
0.849468 0.850076 0.851926 0.847913 0.888495
0.852002 0.850988 0.853523 0.848978 0.878358
0.854638 0.853168 0.856183 0.850296 0.888495
0.85778 0.857273 0.857653 0.852255 0.838317
0.86447 0.860314 0.859072 0.853438 0.82818
0.871161 0.864724 0.858033 0.853641 0.83781
0.877446 0.863507 0.85669 0.854232 0.838824
0.872377 0.861075 0.855144 0.853928 0.838317
0.864369 0.859351 0.85441 0.85305 0.83629
0.854232 0.858743 0.853472 0.852661 0.823619
0.846325 0.856868 0.85256 0.852239 0.815003
0.83629 0.854131 0.851419 0.851563 0.804866
0.835884 0.849671 0.849797 0.850093 0.796756
0.834972 0.842321 0.847643 0.847981 0.813989
0.830411 0.834972 0.845261 0.846477 0.796756
0.823619 0.825798 0.843436 0.844535 0.784592
0.815307 0.823365 0.840649 0.84173 0.798277
0.810846 0.820223 0.837126 0.839888 0.78966
0.805474 0.814901 0.834795 0.837641 0.776989
0.799392 0.810846 0.831424 0.835057 0.808414
0.798074 0.805981 0.827091 0.833789 0.802838
0.796655 0.800051 0.8241 0.832303 0.790674
0.789255 0.79853 0.819818 0.830394 0.781044
0.791586 0.797314 0.815433 0.828282 0.787126
0.795236 0.795895 0.810061 0.82617 0.787633
0.793715 0.794323 0.807501 0.824007 0.793715
0.791992 0.791637 0.805474 0.821963 0.818044
0.794019 0.790725 0.803269 0.821068 0.823112
0.789863 0.791637 0.80223 0.819936 0.823112
0.788039 0.793614 0.80147 0.818584 0.811961
0.793512 0.796959 0.800811 0.816709 0.819057
0.801926 0.801571 0.800228 0.814394 0.835276
0.809123 0.801926 0.800431 0.812958 0.856057
0.813989 0.803548 0.801951 0.811877 0.868728
0.819057 0.808008 0.804916 0.812891 0.8667
0.822504 0.815509 0.807653 0.814175 0.858084
0.829093 0.82367 0.811151 0.81485 0.858084
0.838216 0.831576 0.814825 0.815492 0.862139
0.849164 0.838013 0.817816 0.816287 0.856057
0.856969 0.842017 0.821439 0.816945 0.843893
0.861531 0.84592 0.825393 0.817621 0.844399
0.862747 0.849214 0.827167 0.818601 0.844399
0.860213 0.852408 0.829245 0.819919 0.861125
0.855651 0.854942 0.831931 0.822065 0.866194
0.852914 0.855854 0.835935 0.823805 0.865687
0.850177 0.856361 0.839888 0.826102 0.842879
0.849975 0.856107 0.843791 0.828045 0.831221
0.852002 0.856006 0.846249 0.829143 0.814496
0.856361 0.854486 0.846908 0.829971 0.81703
0.856057 0.851799 0.846477 0.831306 0.831221
0.853421 0.847035 0.846173 0.832066 0.822098
0.844095 0.843132 0.847136 0.832708 0.833249
0.834263 0.841865 0.847288 0.834127 0.822605
0.827369 0.839635 0.847187 0.835513 0.834263
0.823213 0.83852 0.845514 0.837084 0.824633
0.823619 0.834668 0.843791 0.838317 0.831221
0.825241 0.831475 0.841688 0.839567 0.82818
0.828687 0.827369 0.840345 0.839905 0.835276
0.827369 0.826204 0.838849 0.840311 0.842372
0.829194 0.8259 0.837506 0.840953 0.848454
0.82818 0.827978 0.836822 0.842169 0.85555
0.830715 0.830512 0.83705 0.843386 0.864673
0.832337 0.832235 0.837608 0.844366 0.873289
0.837101 0.83558 0.838621 0.84494 0.866194
0.841967 0.838723 0.83923 0.844856 0.869235
0.849265 0.843791 0.83923 0.84494 0.870248
0.856868 0.846984 0.839407 0.845345 0.878358
0.861632 0.851445 0.840775 0.846021 0.882413
0.865788 0.855347 0.843132 0.846697 0.87633
0.868728 0.860365 0.846528 0.847373 0.873796
0.871465 0.865079 0.849493 0.84837 0.887481
0.873289 0.868474 0.851622 0.849806 0.902686
0.875317 0.871009 0.854891 0.851749 0.897618
0.876229 0.874202 0.858363 0.852965 0.910289
0.879676 0.878003 0.862114 0.854435 0.91485
0.884541 0.880436 0.865915 0.856074 0.921946
0.887582 0.884845 0.870426 0.858709 0.927522
0.894374 0.889407 0.874962 0.861919 0.919412
0.902585 0.894577 0.879929 0.865416 0.918398
0.909478 0.899493 0.884136 0.868795 0.926001
0.914445 0.903193 0.887937 0.871955 0.907248
0.918804 0.9074 0.891814 0.874793 0.907755
0.920426 0.91262 0.894399 0.877277 0.945261
0.922656 0.914597 0.896553 0.881365 0.943234
0.919716 0.915104 0.900152 0.884997 0.947288
0.915763 0.919868 0.904004 0.889086 0.941713
0.920933 0.923163 0.907907 0.892769 0.951343
0.9259 0.926406 0.91148 0.896874 0.948809
0.930157 0.928383 0.915129 0.900659 0.937658
0.93705 0.930765 0.918449 0.903835 0.929549
0.945768 0.933705 0.921515 0.906538 0.935631
0.946477 0.935631 0.924303 0.909208 0.936138
0.945362 0.935986 0.926711 0.91159 0.946782
0.941814 0.938824 0.928383 0.91404 0.93259
0.940598 0.941662 0.930841 0.916253 0.940193
0.937557 0.941814 0.931956 0.918618 0.941206
0.937152 0.94075 0.933224 0.920983 0.936138
0.936138 0.940041 0.934187 0.922909 0.944754
0.938267 0.93999 0.934617 0.924987 0.938672
0.939382 0.938469 0.935884 0.927065 0.945768
0.939382 0.938064 0.936898 0.929464 0.947288
0.938976 0.938165 0.937886 0.931458 0.948302
0.940193 0.939787 0.939888 0.932979 0.952357
0.941308 0.940953 0.941916 0.934803 0.947288
0.942524 0.942169 0.942271 0.936036 0.954384
0.944957 0.942727 0.942473 0.937354 0.954891
0.946477 0.944197 0.942828 0.938452 0.981754
0.948201 0.945616 0.943487 0.94026 0.980233
0.949924 0.946984 0.945008 0.942288 0.971617
0.951445 0.951546 0.946579 0.944061 0.967055
0.958135 0.955094 0.948277 0.94543 0.951343
0.96371 0.958388 0.950152 0.9469 0.935124
0.968576 0.960517 0.950938 0.947812 0.92448
0.97111 0.960922 0.950887 0.947119 0.893056
0.9704 0.959605 0.949772 0.945447 0.892549
0.961075 0.956817 0.947795 0.943622 0.900659
0.949924 0.951394 0.945413 0.942254 0.888495
0.934212 0.94521 0.943386 0.940159 0.88444
0.919311 0.939787 0.941004 0.938013 0.884947
0.909174 0.930461 0.937988 0.936256 0.871769
0.899848 0.920882 0.935302 0.93433 0.861632
0.89184 0.912215 0.931602 0.931863 0.845413
0.890218 0.902686 0.927319 0.928839 0.841358
0.886062 0.893715 0.922174 0.925325 0.843893
0.878256 0.884744 0.916624 0.922369 0.834263
0.86964 0.876432 0.911455 0.918838 0.846427
0.861024 0.871515 0.905449 0.915678 0.841358
0.852813 0.865687 0.900025 0.912519 0.815003
0.845312 0.860264 0.893006 0.908194 0.821085
0.842271 0.85555 0.884744 0.904274 0.82818
0.84146 0.848606 0.877217 0.900355 0.854536
0.836189 0.84222 0.870274 0.897263 0.864673
0.831627 0.837861 0.865433 0.894475 0.858084
0.830411 0.837152 0.861911 0.891333 0.867714
0.832032 0.839078 0.858591 0.888681 0.860112
0.836695 0.84075 0.857324 0.885538 0.858084
0.845312 0.843132 0.855702 0.882311 0.860112
0.854638 0.845717 0.853573 0.878256 0.869235
0.861024 0.846883 0.852154 0.874557 0.868728
0.861733 0.848758 0.851394 0.871127 0.861125
0.860821 0.854181 0.850583 0.867596 0.87633
0.863051 0.858946 0.850051 0.865095 0.867207
0.863254 0.86224 0.850786 0.862832 0.892043
0.863457 0.86442 0.851875 0.86175 0.912316
0.867106 0.864673 0.85441 0.862392 0.834769
0.868525 0.868069 0.857831 0.860466 0.83781
0.873087 0.872529 0.857856 0.858371 0.836797
0.881804 0.869995 0.857425 0.856648 0.838824
0.876533 0.867968 0.857197 0.855128 0.834769
0.868829 0.865636 0.858388 0.853455 0.836797
0.862747 0.862595 0.859072 0.852289 0.83781
0.852103 0.859199 0.859503 0.851495 0.835783
0.836594 0.856766 0.858667 0.851174 0.831728
0.836999 0.852914 0.857223 0.850853 0.822098
0.836999 0.849772 0.855905 0.850127 0.815003
0.836797 0.84374 0.853624 0.849485 0.818044
0.835378 0.834719 0.851368 0.848539 0.817537
0.832843 0.832742 0.849366 0.847745 0.823112
0.828485 0.830765 0.847238 0.848015 0.825646
0.824531 0.828839 0.844932 0.848167 0.824126
0.820882 0.827268 0.842777 0.848032 0.839331
0.819159 0.826356 0.840928 0.847525 0.829194
0.819868 0.825089 0.839078 0.846342 0.815003
0.821693 0.825241 0.837177 0.844906 0.802331
0.82595 0.824582 0.833325 0.842727 0.802838
0.828282 0.822909 0.827826 0.840818 0.817537
0.82666 0.820933 0.826229 0.839466 0.812468
0.821997 0.819716 0.825215 0.837878 0.821591
0.817739 0.819665 0.823999 0.83629 0.831728
0.813381 0.819159 0.823137 0.835057 0.828687
0.810035 0.819007 0.822985 0.833975 0.819057
0.811353 0.819615 0.82258 0.832066 0.793208
0.817233 0.820071 0.821642 0.8296 0.860112
0.822402 0.818044 0.819513 0.828535 0.837304
0.822707 0.814445 0.820933 0.826035 0.826153
0.818855 0.818956 0.821693 0.825748 0.790167
0.826559 0.822453 0.82225 0.824159 0.795236
0.827674 0.824785 0.820857 0.822774 0.814496
0.827167 0.822048 0.819742 0.821963 0.805373
0.821389 0.820324 0.819311 0.820983 0.800304
0.821794 0.819615 0.818297 0.819767 0.795743
0.812671 0.816979 0.817106 0.818365 0.804359
0.806285 0.814141 0.814927 0.817317 0.808414
0.801115 0.811809 0.813685 0.81654 0.815509
0.80223 0.812924 0.813355 0.81632 0.805879
0.804055 0.807755 0.814014 0.816016 0.802838
0.802838 0.805575 0.814166 0.815509 0.797263
0.804866 0.803548 0.813431 0.814834 0.804866
0.805981 0.804815 0.812671 0.814225 0.813989
0.8074 0.805018 0.811835 0.813837 0.814496
0.805981 0.804055 0.810948 0.813516 0.809427
0.805271 0.804916 0.810238 0.812519 0.785606
0.804967 0.806336 0.809757 0.811066 0.786113
0.80669 0.807704 0.809377 0.810103 0.796756
0.808008 0.805829 0.805677 0.809917 0.803345
0.805677 0.803599 0.803649 0.809934 0.82666
0.801926 0.801723 0.802509 0.810238 0.844399
0.798479 0.80147 0.804334 0.811303 0.82666
0.796249 0.803852 0.806792 0.811472 0.79929
0.799696 0.808566 0.8074 0.81039 0.81855
0.811455 0.810745 0.807096 0.810052 0.820071
0.819564 0.809275 0.808008 0.810086 0.789154
0.820071 0.809681 0.809225 0.809951 0.769387
0.823112 0.810745 0.808464 0.806927 0.791181
0.821794 0.8111 0.806513 0.805389 0.783578
0.810745 0.809427 0.805297 0.80397 0.791181
0.79929 0.80887 0.804181 0.804004 0.767359
0.797669 0.806893 0.803599 0.803075 0.772428
0.790674 0.803345 0.802103 0.801673 0.768373
0.784896 0.795641 0.800482 0.800439 0.7704
0.780537 0.790218 0.798201 0.799442 0.776483
0.781145 0.787126 0.795996 0.7988 0.775976
0.776584 0.782311 0.794349 0.797854 0.778003
0.773948 0.777952 0.793867 0.796841 0.780537
0.771009 0.776635 0.793462 0.795675 0.779017
0.772732 0.777496 0.792651 0.79478 0.83781
0.773847 0.776432 0.791434 0.795945 0.857577
0.77628 0.775976 0.791992 0.797956 0.847947
0.778003 0.780639 0.792651 0.799392 0.842879
0.790269 0.78966 0.793715 0.800355 0.855043
0.806589 0.797212 0.795895 0.801706 0.851495
0.820578 0.804663 0.797719 0.803109 0.849468
0.833046 0.813127 0.79929 0.805237 0.83781
0.848251 0.820628 0.802306 0.806961 0.832742
0.850988 0.827978 0.805727 0.80816 0.831221
0.849366 0.833958 0.807805 0.809089 0.833756
0.847339 0.839179 0.810188 0.809326 0.832235
0.845312 0.844399 0.812316 0.80892 0.82818
0.840547 0.843994 0.81556 0.808971 0.856564
0.836999 0.84146 0.818348 0.81088 0.859605
0.833553 0.839483 0.822757 0.812249 0.868221
0.831627 0.840851 0.827217 0.813854 0.86518
0.836391 0.841308 0.831804 0.816388 0.868728
0.842068 0.84298 0.836265 0.819699 0.860112
0.848961 0.844551 0.840801 0.821997 0.849468
0.85555 0.847643 0.84478 0.824193 0.855043
0.863659 0.85038 0.848302 0.826322 0.841865
0.864369 0.852205 0.849164 0.828806 0.837304
0.862342 0.854334 0.848378 0.830968 0.833249
0.859706 0.855297 0.847846 0.833131 0.831728
0.855043 0.856209 0.847364 0.835175 0.824633
0.848758 0.853877 0.846199 0.83678 0.824633
0.843386 0.85109 0.844856 0.838402 0.843893
0.839838 0.846731 0.843614 0.840598 0.829194
0.833756 0.842676 0.843918 0.84222 0.821591
0.830309 0.840193 0.84374 0.843639 0.816016
0.831627 0.837101 0.843259 0.842913 0.825646
0.830816 0.834313 0.842372 0.841848 0.811455
0.828789 0.830411 0.842043 0.840632 0.813482
0.827065 0.828789 0.841206 0.839652 0.810948
0.827268 0.826204 0.839052 0.838182 0.811961
0.820781 0.824227 0.836619 0.836864 0.801318
0.817638 0.822149 0.833806 0.835259 0.792195
0.815509 0.820882 0.830613 0.833739 0.804359
0.814698 0.81855 0.826787 0.832793 0.808414
0.809833 0.813381 0.823999 0.832032 0.815509
0.805981 0.810897 0.821946 0.831424 0.775469
0.804156 0.809579 0.81997 0.829532 0.792701
0.803649 0.809529 0.81665 0.828349 0.786619
0.804359 0.804511 0.81442 0.826018 0.768373
0.799189 0.802636 0.812088 0.822977 0.76077
0.79929 0.799949 0.80892 0.819395 0.765839
0.795743 0.795692 0.805727 0.816084 0.754181
0.787734 0.790573 0.802788 0.812266 0.769894
0.776787 0.787025 0.798302 0.809258 0.782058
0.774861 0.783224 0.795337 0.807011 0.792195
0.767157 0.779777 0.79336 0.804916 0.803852
0.763811 0.777141 0.792169 0.803649 0.808414
0.766548 0.77481 0.79108 0.802686 0.811961
0.772833 0.777648 0.790928 0.801977 0.811961
0.780436 0.779219 0.790851 0.801318 0.774962
0.791282 0.781754 0.790902 0.799662 0.810948
0.799696 0.786113 0.789052 0.799206 0.800811
0.805677 0.787532 0.789534 0.79777 0.794729
0.80223 0.792043 0.789965 0.796621 0.780537
0.803649 0.796706 0.789483 0.795253 0.782058
0.802129 0.799189 0.788089 0.794121 0.773948
0.798682 0.799037 0.786417 0.792397 0.775469
0.792397 0.798023 0.786341 0.791198 0.782565
0.793817 0.795033 0.785479 0.790167 0.78966
0.786417 0.791738 0.785276 0.789458 0.79929
0.781348 0.788799 0.786341 0.789035 0.796249
0.778915 0.786569 0.788267 0.788866 0.78966
0.78074 0.789002 0.789787 0.788782 0.788647
0.784187 0.787532 0.791561 0.788258 0.779017
0.788647 0.786417 0.792499 0.787278 0.772935
0.791485 0.785808 0.792347 0.785859 0.767866
0.792701 0.785656 0.791384 0.785606 0.758236
0.790573 0.784744 0.789584 0.784457 0.746579
0.785302 0.784136 0.787076 0.783122 0.755702
0.779625 0.782413 0.783806 0.7827 0.744551
0.77334 0.778814 0.780993 0.782159 0.751647
0.764927 0.775418 0.779473 0.781686 0.754181
0.760264 0.769944 0.776508 0.781686 0.748606
0.754587 0.765484 0.774176 0.780977 0.740497
0.751343 0.761936 0.77187 0.779591 0.743031
0.750532 0.757932 0.769868 0.777952 0.755702
0.750938 0.75408 0.767917 0.776347 0.750634
0.747897 0.75109 0.767005 0.774421 0.739483
0.747592 0.749873 0.765763 0.772005 0.758236
0.748403 0.749113 0.763609 0.770215 0.743538
0.747694 0.748403 0.762038 0.769167 0.739483
0.745869 0.748657 0.75925 0.766785 0.742017
0.749417 0.748555 0.756412 0.764825 0.763305
0.749518 0.747339 0.754029 0.763778 0.758743
0.746275 0.746123 0.752762 0.763051 0.752661
0.744551 0.747592 0.751749 0.762071 0.748606
0.749316 0.749417 0.750735 0.761227 0.762798
0.749417 0.75038 0.749772 0.760804 0.774455
0.751242 0.749671 0.75 0.760534 0.763811
0.753066 0.750887 0.751394 0.759672 0.787126
0.757223 0.754384 0.751799 0.759267 0.7704
0.759453 0.754942 0.753928 0.758405 0.770907
0.760466 0.759301 0.754866 0.75778 0.769894
0.767359 0.762392 0.755702 0.757155 0.761784
0.771718 0.765281 0.756766 0.756581 0.762291
0.77334 0.76594 0.757831 0.756226 0.764318
0.772428 0.766244 0.758794 0.756107 0.765332
0.772022 0.767207 0.759225 0.756344 0.754181
0.767055 0.768779 0.759959 0.756597 0.737962
0.765839 0.769032 0.760694 0.756006 0.75925
0.764724 0.767005 0.759681 0.756496 0.767866
0.761581 0.76442 0.760466 0.757037 0.763305
0.756817 0.761632 0.761885 0.757341 0.768373
0.756209 0.761379 0.76295 0.758 0.793715
0.756918 0.760618 0.763203 0.759774 0.78003
0.756513 0.760466 0.764952 0.761007 0.792195
0.759351 0.763659 0.76632 0.762223 0.766853
0.770502 0.765433 0.7685 0.762764 0.764318
0.774658 0.768221 0.768702 0.763592 0.786619
0.779524 0.768373 0.768196 0.764538 0.795743
0.780233 0.769387 0.769336 0.766278 0.792701
0.779422 0.774252 0.769767 0.768052 0.802331
0.778003 0.777902 0.770882 0.770063 0.818044
0.781145 0.780385 0.772453 0.771887 0.804866
0.781247 0.784288 0.774861 0.773425 0.804359
0.788343 0.789255 0.777015 0.775148 0.789154
0.799088 0.79037 0.779118 0.776499 0.77851
0.802737 0.792803 0.78036 0.777023 0.789154
0.80446 0.792499 0.781019 0.777513 0.772935
0.803751 0.793664 0.782767 0.777817 0.767866
0.798986 0.796148 0.784516 0.777175 0.756716
0.793208 0.79478 0.784947 0.776719 0.775469
0.786822 0.791992 0.784389 0.776871 0.764318
0.779524 0.788393 0.784997 0.776685 0.775976
0.773036 0.785707 0.784795 0.777158 0.790674
0.772428 0.780335 0.783908 0.778104 0.800811
0.767461 0.777446 0.78444 0.779321 0.797263
0.768069 0.776077 0.784871 0.780385 0.803345
0.772631 0.777243 0.786391 0.782024 0.808414
0.78145 0.779118 0.788343 0.784372 0.797263
0.785808 0.780537 0.789432 0.785639 0.797263
0.793614 0.784085 0.789508 0.786619 0.813482
0.800101 0.787025 0.789736 0.788292 0.81703
0.801419 0.79108 0.790294 0.789914 0.816016
0.80071 0.794881 0.790243 0.790657 0.825646
0.803953 0.800152 0.790801 0.792178 0.822098
0.80669 0.804156 0.791865 0.793175 0.821591
0.808211 0.807653 0.793512 0.794999 0.810441
0.813887 0.809782 0.795666 0.796537 0.815509
0.818855 0.812215 0.796731 0.7975 0.809934
0.820476 0.812924 0.79886 0.797973 0.843893
0.819159 0.813634 0.800963 0.799679 0.846934
0.819057 0.814901 0.805322 0.801166 0.837304
0.815915 0.819564 0.808895 0.801808 0.85555
0.820274 0.822909 0.812544 0.803497 0.846427
0.825342 0.824937 0.816523 0.804899 0.846934
0.830715 0.82889 0.819311 0.806825 0.841358
0.838723 0.830968 0.821617 0.80892 0.835783
0.846021 0.833452 0.823822 0.810475 0.817537
0.846629 0.835428 0.825443 0.811961 0.830208
0.845514 0.837962 0.8259 0.81404 0.844906
0.84521 0.838165 0.827547 0.816979 0.853523
0.837608 0.840193 0.829929 0.819581 0.856564
0.834364 0.840294 0.831931 0.822656 0.853523
0.833958 0.840953 0.833908 0.825241 0.841865
0.836391 0.842879 0.835783 0.826947 0.841358
0.840547 0.842676 0.836594 0.828299 0.845413
0.847745 0.84222 0.837557 0.829904 0.841358
0.850076 0.841662 0.838748 0.831171 0.862139
0.849366 0.842068 0.840294 0.832962 0.862139
0.847745 0.842625 0.842625 0.835124 0.874303
0.844703 0.847086 0.845236 0.837692 0.873289
0.846427 0.850279 0.846756 0.839686 0.879372
0.850482 0.853218 0.848074 0.841764 0.874303
0.85707 0.855195 0.850177 0.843707 0.92448
0.862646 0.857476 0.851115 0.847001 0.926508
0.870248 0.859554 0.855018 0.850482 0.931576
0.872681 0.867816 0.858996 0.854148 0.915864
0.88515 0.87633 0.863507 0.857662 0.906741
0.89559 0.884947 0.867511 0.860703 0.905727
0.907248 0.892397 0.871972 0.863896 0.912316
0.914546 0.896858 0.875748 0.866177 0.915864
0.921034 0.901216 0.879118 0.868474 0.917892
0.917283 0.905018 0.882235 0.871161 0.879878
0.914445 0.909275 0.885302 0.871972 0.902686
0.911303 0.913127 0.886619 0.873847 0.923974
0.911708 0.913685 0.88966 0.876415 0.923974
0.906336 0.911505 0.893791 0.879169 0.918905
0.905727 0.911252 0.897719 0.88194 0.911303
0.908059 0.910492 0.901597 0.885065 0.898632
0.909681 0.910796 0.904055 0.887346 0.886974
0.909883 0.911252 0.905879 0.888748 0.891536
0.916168 0.910542 0.906513 0.890015 0.90522
0.915357 0.908008 0.907425 0.891637 0.900152
0.907957 0.905575 0.908718 0.893191 0.909275
0.90147 0.904308 0.91001 0.895438 0.908262
0.898733 0.906336 0.90925 0.897669 0.909275
0.896503 0.906994 0.908338 0.899797 0.911809
0.898632 0.905423 0.907223 0.902146 0.912316
0.902889 0.903953 0.90702 0.903818 0.918905
0.906437 0.903244 0.907299 0.90571 0.92448
0.907755 0.903345 0.907957 0.907383 0.917385
0.910188 0.905373 0.908566 0.908853 0.916878
0.912114 0.909123 0.908642 0.910103 0.900152
0.915357 0.911708 0.908591 0.910965 0.88596
0.916979 0.912874 0.909605 0.909681 0.897618
0.917993 0.912874 0.908768 0.908718 0.889508
0.91556 0.910542 0.907451 0.907315 0.896604
0.908971 0.909478 0.905727 0.906673 0.890522
0.903599 0.907501 0.904612 0.906133 0.897618
0.898023 0.905981 0.903573 0.905862 0.898125
0.893969 0.903801 0.903523 0.905389 0.895084
0.892043 0.901673 0.90408 0.904697 0.896097
0.894374 0.899037 0.904257 0.90397 0.890015
0.894475 0.896807 0.903801 0.904308 0.890522
0.89559 0.894729 0.903294 0.903903 0.891029
0.895489 0.893715 0.902357 0.902805 0.882413
0.895388 0.894171 0.901495 0.901419 0.88444
0.893969 0.893512 0.900152 0.90027 0.879372
0.892549 0.892803 0.898784 0.899206 0.860618
0.890015 0.891586 0.897136 0.897939 0.864166
0.887684 0.890471 0.894222 0.897179 0.87481
0.885555 0.886771 0.891206 0.896621 0.880892
0.879574 0.883376 0.889078 0.89581 0.891029
0.874202 0.881348 0.887278 0.895506 0.892043
0.872681 0.879828 0.886822 0.894932 0.877851
0.871972 0.879929 0.887126 0.893918 0.869235
0.874303 0.880081 0.886138 0.892583 0.852509
0.880588 0.878763 0.885124 0.890607 0.854536
0.883325 0.877446 0.882919 0.888681 0.866194
0.88221 0.874252 0.88112 0.886923 0.86518
0.876533 0.871769 0.879549 0.884947 0.85707
0.869235 0.872326 0.877902 0.882936 0.862646
0.864065 0.872428 0.876001 0.881129 0.872783
0.861531 0.870654 0.874328 0.880216 0.87633
0.859098 0.868829 0.873467 0.879895 0.875824
0.861125 0.867005 0.872757 0.879169 0.872783
0.864774 0.865433 0.871997 0.878611 0.870248
0.866802 0.865231 0.871515 0.877733 0.85707
0.868931 0.865585 0.870806 0.876618 0.861632
0.872073 0.867359 0.869691 0.875418 0.868221
0.873594 0.867613 0.869742 0.874421 0.860112
0.870451 0.867157 0.869944 0.873256 0.863153
0.867511 0.867461 0.869209 0.872157 0.862646
0.865991 0.867765 0.868322 0.871245 0.859605
0.863457 0.867816 0.866903 0.870215 0.84744
0.862038 0.866802 0.865281 0.868762 0.843386
0.863153 0.865129 0.863761 0.867461 0.841865
0.862747 0.862291 0.862468 0.866042 0.841865
0.858591 0.859351 0.861936 0.864791 0.843386
0.855246 0.856513 0.861303 0.864217 0.844399
0.850988 0.854992 0.860162 0.863558 0.851495
0.846832 0.853168 0.859123 0.862781 0.851495
0.843588 0.850786 0.858844 0.861801 0.846934
0.84298 0.849924 0.858287 0.860331 0.846934
0.844602 0.848758 0.856994 0.858828 0.836797
0.846528 0.847187 0.855525 0.857459 0.839331
0.847542 0.84592 0.853573 0.856462 0.838317
0.848251 0.844856 0.851901 0.855989 0.843893
0.846731 0.84445 0.850304 0.855634 0.84744
0.844298 0.844095 0.849645 0.855009 0.852002
0.841662 0.844298 0.848936 0.85457 0.849468
0.841054 0.844703 0.848125 0.854317 0.853523
0.841156 0.845464 0.847592 0.854013 0.854029
0.844197 0.845261 0.847111 0.853387 0.861125
0.846224 0.845464 0.84668 0.852881 0.871262
0.849265 0.846173 0.846756 0.852729 0.86518
0.851292 0.847592 0.847947 0.852475 0.856057
0.854029 0.851039 0.849037 0.852002 0.857577
0.857881 0.853624 0.849747 0.852019 0.84592
0.861024 0.855398 0.850532 0.851495 0.842879
0.861531 0.856766 0.850659 0.85065 0.844906
0.86224 0.856614 0.850583 0.850144 0.839331
0.859199 0.855702 0.850253 0.84935 0.829194
0.853523 0.855246 0.849645 0.848234 0.835276
0.849468 0.853827 0.848758 0.847424 0.816523
0.846123 0.851343 0.848175 0.846393 0.812975
0.840446 0.848758 0.847162 0.845379 0.821591
0.838317 0.843284 0.845844 0.844703 0.823619
0.833046 0.838064 0.845008 0.844095 0.814496
0.82666 0.834617 0.843994 0.843132 0.806893
0.823112 0.831221 0.842347 0.841882 0.811455
0.821997 0.828079 0.840091 0.840547 0.798784
0.817841 0.82448 0.838191 0.83879 0.792701
0.815915 0.821135 0.835454 0.836983 0.785606
0.815611 0.817081 0.832387 0.834938 0.787633
0.811049 0.813431 0.828611 0.8333 0.780537
0.804866 0.808464 0.82443 0.83134 0.7704
0.799088 0.805575 0.820198 0.829076 0.758743
0.795236 0.802331 0.815915 0.826238 0.75925
0.789052 0.797212 0.810973 0.823298 0.765332
0.783376 0.790725 0.80664 0.820409 0.772428
0.776584 0.7852 0.802762 0.817841 0.771414
0.771313 0.781044 0.799138 0.815104 0.758743
0.766853 0.777141 0.795743 0.811928 0.756209
0.765231 0.774404 0.79222 0.80843 0.761784
0.765433 0.771009 0.788267 0.804781 0.764825
0.765433 0.768069 0.78553 0.801436 0.754181
0.764825 0.765484 0.783122 0.79804 0.771921
0.764116 0.763913 0.779752 0.795185 0.772428
0.762595 0.762291 0.777167 0.792735 0.769894
0.759149 0.763609 0.775063 0.790302 0.760264
0.761784 0.764927 0.773213 0.787481 0.761277
0.765028 0.765383 0.770654 0.784879 0.765332
0.76665 0.764166 0.768779 0.78275 0.758236
0.765737 0.763153 0.76741 0.780182 0.756209
0.767157 0.763811 0.766042 0.778172 0.735935
0.765839 0.764014 0.76447 0.775604 0.719716
0.763001 0.763457 0.76224 0.772208 0.697415
0.760264 0.760568 0.759706 0.768001 0.700963
0.755398 0.757121 0.75664 0.764217 0.747592
0.747086 0.749671 0.753725 0.76224 0.755195
0.733502 0.742524 0.752838 0.760365 0.754181
0.722048 0.740294 0.751977 0.758878 0.755702
0.720324 0.739787 0.751115 0.757645 0.754181
0.724176 0.739078 0.750963 0.756597 0.758743
0.731069 0.738115 0.750862 0.755634 0.771921
0.742727 0.737709 0.75071 0.755347 0.772428
0.753371 0.737962 0.751064 0.755415 0.782058
0.755601 0.741561 0.751977 0.756192 0.76888
0.758946 0.746832 0.752484 0.756513 0.765332
0.762595 0.755297 0.752306 0.756513 0.766346
0.767866 0.762088 0.752078 0.75631 0.844399
0.770806 0.763862 0.752382 0.758743 0.841358
0.772124 0.764977 0.756538 0.761497 0.861632
0.771009 0.773999 0.76034 0.765011 0.843893
0.785403 0.782565 0.765509 0.767748 0.829701
0.797263 0.79331 0.769894 0.76991 0.83629
0.815813 0.801825 0.774582 0.772647 0.830208
0.831526 0.807603 0.780411 0.77459 0.829701
0.844197 0.813989 0.78705 0.776499 0.829701
0.842575 0.818804 0.793487 0.778493 0.825139
0.840345 0.824886 0.797592 0.780656 0.796756
0.833958 0.831323 0.80109 0.781838 0.790674
0.83112 0.837202 0.803218 0.782683 0.797263
0.830208 0.832438 0.804967 0.783984 0.780537
0.822301 0.827369 0.807121 0.784795 0.783578
0.814394 0.820933 0.808211 0.786383 0.783071
0.807907 0.814597 0.808794 0.788495 0.762291
0.798074 0.809985 0.809326 0.790657 0.761784
0.789762 0.804663 0.808338 0.792685 0.772428
0.787025 0.797871 0.807983 0.793512 0.764318
0.781348 0.79108 0.808338 0.793817 0.76077
0.774252 0.785352 0.808236 0.794036 0.749113
0.772631 0.77927 0.804055 0.793817 0.74151
0.768779 0.775672 0.799442 0.793394 0.743538
0.764318 0.771515 0.793436 0.792887 0.749113
0.761683 0.76594 0.788419 0.792127 0.739483
0.757628 0.76224 0.784389 0.791029 0.749113
0.75185 0.758794 0.779549 0.789931 0.732387
0.748809 0.754435 0.775494 0.788714 0.709579
0.744551 0.753117 0.770628 0.786856 0.695895
0.744551 0.750177 0.764622 0.784508 0.704004
0.742727 0.743893 0.75816 0.779828 0.69336
0.735935 0.73705 0.753523 0.774894 0.717182
0.725291 0.731374 0.748657 0.770079 0.708566
0.718196 0.725798 0.744653 0.765569 0.700456
0.707045 0.723365 0.741054 0.76126 0.696401
0.704004 0.719868 0.736898 0.756597 0.697415
0.703801 0.715003 0.732565 0.752171 0.686771
0.704714 0.710694 0.729321 0.747407 0.697922
0.703193 0.705525 0.72557 0.743014 0.689812
0.704004 0.700963 0.721845 0.738503 0.673594
0.697922 0.699797 0.71812 0.734398 0.69336
0.695793 0.699189 0.713761 0.731154 0.662443
0.693664 0.696148 0.710973 0.72666 0.649265
0.689103 0.696148 0.70702 0.722284 0.617334
0.688292 0.690674 0.702306 0.716743 0.613279
0.683426 0.684744 0.695717 0.711083 0.618855
0.673695 0.676432 0.689407 0.706302 0.646224
0.659199 0.66812 0.682894 0.70245 0.640649
0.647136 0.660264 0.678586 0.698057 0.633553
0.632235 0.656209 0.675139 0.693698 0.617334
0.628991 0.650482 0.672022 0.688917 0.615307
0.627268 0.644856 0.667689 0.684457 0.615813
0.630512 0.63923 0.663786 0.680267 0.62595
0.631323 0.631424 0.658718 0.676347 0.608211
0.630613 0.626761 0.654587 0.671651 0.61632
0.624531 0.62443 0.649975 0.667545 0.627978
0.621591 0.623517 0.645971 0.663507 0.598581
0.616523 0.623822 0.642499 0.659047 0.601622
0.61632 0.624734 0.638089 0.655449 0.59706
0.618855 0.61997 0.633274 0.652154 0.602129
0.615408 0.616067 0.628637 0.648758 0.59706
0.610542 0.612418 0.625063 0.645548 0.596047
0.608312 0.610897 0.620248 0.64151 0.584389
0.605474 0.609072 0.616929 0.637371 0.580841
0.59929 0.607096 0.613685 0.633384 0.565129
0.598784 0.60294 0.61186 0.629008 0.57628
0.595337 0.600203 0.609453 0.62497 0.556513
0.592093 0.595084 0.607324 0.620628 0.567663
0.584693 0.589914 0.602838 0.616287 0.554992
0.580537 0.585707 0.599189 0.611793 0.565129
0.572631 0.582311 0.595261 0.608177 0.567663
0.569285 0.578104 0.592651 0.603987 0.554486
0.564116 0.574404 0.590269 0.600389 0.540801
0.564116 0.571465 0.587202 0.596773 0.551445
0.562392 0.567309 0.582945 0.594577 0.542828
0.561987 0.56295 0.580106 0.592228 0.540801
0.556614 0.56001 0.576432 0.589627 0.536746
0.555905 0.55778 0.572073 0.585977 0.552965
0.551445 0.554232 0.568981 0.583055 0.542828
0.546072 0.552255 0.566548 0.58003 0.564116
0.542524 0.550786 0.563837 0.578256 0.554992
0.544957 0.549569 0.561936 0.576246 0.54739
0.543234 0.549468 0.559833 0.573965 0.540294
0.547491 0.548201 0.5574 0.57111 0.517486
0.550329 0.547491 0.555195 0.568086 0.524582
0.552458 0.54744 0.552027 0.565028 0.513938
0.549924 0.544045 0.55 0.561227 0.50887
0.544856 0.54222 0.546883 0.558236 0.513431
0.536949 0.539534 0.544501 0.555297 0.509883
0.528738 0.536746 0.541789 0.552391 0.51039
0.521034 0.532793 0.539534 0.549333 0.49113
0.515661 0.529498 0.536797 0.545802 0.505322
0.514141 0.524126 0.53297 0.542777 0.503801
0.511303 0.517739 0.530512 0.540091 0.51039
0.506741 0.513533 0.528662 0.537743 0.526609
0.506031 0.509883 0.526609 0.536459 0.526609
0.504105 0.509174 0.525798 0.534803 0.522048
0.504207 0.509377 0.525089 0.533654 0.519513
0.507451 0.510644 0.524354 0.532049 0.510897
0.514546 0.511961 0.522681 0.530579 0.493158
0.517892 0.51257 0.521085 0.52818 0.506336
0.521034 0.512671 0.517537 0.526136 0.509883
0.521135 0.510948 0.515104 0.524649 0.50076
0.514445 0.512468 0.513229 0.523315 0.497212
0.51039 0.512924 0.511252 0.521507 0.494171
0.507957 0.51262 0.510238 0.519885 0.52002
0.504207 0.511303 0.508718 0.519192 0.541308
0.50147 0.508059 0.509022 0.519344 0.542321
0.501673 0.5074 0.510644 0.51899 0.524582
0.50441 0.509326 0.512088 0.518381 0.538773
0.510694 0.511607 0.512823 0.517537 0.542321
0.519007 0.512975 0.514242 0.517114 0.553472
0.52448 0.517537 0.516802 0.517317 0.636594
0.533401 0.521135 0.519209 0.520527 0.638621
0.537861 0.525494 0.525849 0.524565 0.646731
0.540294 0.539078 0.532261 0.528637 0.636087
0.559149 0.553218 0.538267 0.532708 0.649265
0.581956 0.568474 0.54374 0.537388 0.661429
0.603548 0.580081 0.550101 0.542321 0.648758
0.622301 0.590877 0.557197 0.54695 0.659909
0.64146 0.602788 0.56409 0.551934 0.65484
0.646427 0.615205 0.572428 0.557391 0.649772
0.648454 0.627319 0.579853 0.562206 0.641662
0.65109 0.638571 0.586847 0.566802 0.648251
0.65484 0.648201 0.593893 0.571397 0.645717
0.654942 0.648708 0.601445 0.575367 0.633553
0.650988 0.649671 0.609022 0.578932 0.631019
0.650887 0.649569 0.614698 0.582565 0.643183
0.648049 0.649316 0.619184 0.586687 0.64521
0.643791 0.647491 0.624227 0.591164 0.644703
0.640041 0.645666 0.630258 0.596216 0.648251
0.640345 0.645312 0.635555 0.600946 0.62595
0.639736 0.643791 0.640851 0.604815 0.624937
0.639534 0.643132 0.644475 0.608954 0.639128
0.642473 0.64075 0.643893 0.613685 0.65332
0.64146 0.639078 0.643918 0.61899 0.655854
0.63781 0.638165 0.644247 0.623517 0.67258
0.636594 0.638925 0.645236 0.627893 0.668525
0.638317 0.641156 0.646401 0.6321 0.652306
0.639838 0.645312 0.646756 0.636357 0.639128
0.649164 0.647846 0.646934 0.639703 0.639128
0.657881 0.648555 0.645895 0.64293 0.609731
0.660517 0.647998 0.645109 0.644805 0.595033
0.657679 0.647086 0.643107 0.643419 0.606183
0.654334 0.645464 0.640775 0.642338 0.623923
0.641764 0.642473 0.638672 0.641578 0.639128
0.627065 0.639179 0.637582 0.641679 0.639635
0.617841 0.636239 0.637861 0.641358 0.667511
0.6148 0.634567 0.638292 0.641561 0.670046
0.6148 0.631272 0.639508 0.642271 0.640649
0.620781 0.631171 0.64075 0.641629 0.660416
0.635276 0.632945 0.640547 0.641814 0.651292
0.648049 0.633097 0.641156 0.641865 0.658895
0.651394 0.635226 0.642423 0.64244 0.652813
0.655651 0.639382 0.644121 0.642592 0.66447
0.657983 0.645768 0.644805 0.643217 0.672073
0.65626 0.650431 0.645362 0.644501 0.653827
0.652813 0.654486 0.646173 0.645261 0.639128
0.657577 0.65778 0.645236 0.645126 0.644703
0.659909 0.659199 0.643766 0.645109 0.628485
0.660416 0.656361 0.643386 0.644568 0.633553
0.656462 0.653827 0.642854 0.644078 0.609731
0.65484 0.65261 0.642575 0.643538 0.616827
0.647643 0.649924 0.642575 0.643267 0.623416
0.639939 0.645768 0.643664 0.642744 0.620375
0.63112 0.641561 0.644526 0.641646 0.594526
0.62666 0.638621 0.644349 0.639601 0.583882
0.622402 0.634212 0.642119 0.636645 0.56665
0.620781 0.626457 0.639331 0.633249 0.567663
0.612975 0.619463 0.634288 0.630427 0.555499
0.607805 0.612215 0.629169 0.62764 0.544856
0.59777 0.604511 0.624911 0.624497 0.563102
0.586619 0.597212 0.619133 0.622943 0.562088
0.573644 0.588343 0.614724 0.621845 0.552458
0.56371 0.58368 0.609883 0.620054 0.545869
0.559554 0.578206 0.604866 0.617452 0.549924
0.558642 0.57111 0.598936 0.614479 0.535732
0.555601 0.563659 0.592828 0.611015 0.546376
0.553675 0.559199 0.586923 0.606978 0.549924
0.554688 0.554384 0.582286 0.602973 0.557527
0.549214 0.552357 0.577547 0.600203 0.579321
0.546072 0.550583 0.573999 0.5975 0.573239
0.545565 0.550786 0.571287 0.594898 0.57628
0.547897 0.554232 0.569463 0.592144 0.583376
0.553776 0.555246 0.567435 0.589829 0.579321
0.561277 0.556665 0.565433 0.586991 0.567663
0.567258 0.559757 0.563381 0.583511 0.550938
0.573948 0.563102 0.562038 0.580081 0.544349
0.578307 0.564876 0.56039 0.576922 0.542321
0.575976 0.566396 0.559275 0.573509 0.548403
0.571515 0.566194 0.558008 0.57084 0.547897
0.565129 0.565433 0.557653 0.567984 0.562595
0.556918 0.564521 0.557805 0.566413 0.566143
0.550735 0.561379 0.55778 0.564724 0.556006
0.546782 0.560314 0.557983 0.562477 0.551445
0.549113 0.559301 0.55816 0.560179 0.554486
0.553472 0.556564 0.558439 0.558844 0.531678
0.556209 0.553776 0.558667 0.557104 0.514445
0.556817 0.552458 0.558464 0.555364 0.517993
0.558135 0.550532 0.556868 0.553708 0.535226
0.551951 0.547542 0.555271 0.553033 0.542828
0.541612 0.545109 0.554156 0.552965 0.555499
0.534009 0.543791 0.552331 0.552712 0.546376
0.530765 0.543284 0.551445 0.552188 0.549924
0.528434 0.542575 0.549949 0.552103 0.549924
0.533198 0.540598 0.548277 0.552239 0.564116
0.539584 0.53999 0.546807 0.552712 0.585403
0.545971 0.539838 0.546629 0.554367 0.598074
0.54891 0.540801 0.548353 0.556091 0.592499
0.553168 0.546173 0.551039 0.55751 0.58591
0.559149 0.554536 0.553548 0.558456 0.586417
0.569488 0.561987 0.555423 0.558692 0.592499
0.578003 0.567055 0.557349 0.559334 0.588444
0.5852 0.571414 0.558844 0.55974 0.597567
0.58966 0.575114 0.559959 0.560213 0.589965
0.59108 0.579321 0.562038 0.560568 0.586417
0.589154 0.584085 0.563964 0.561193 0.597567
0.590167 0.588089 0.56556 0.562747 0.60669
0.590978 0.590319 0.568855 0.564825 0.609225
0.590978 0.591536 0.573467 0.567055 0.602636
0.591992 0.592397 0.578028 0.568863 0.608718
0.595641 0.59407 0.581399 0.57089 0.596553
0.597973 0.595743 0.584693 0.572022 0.571211
0.600507 0.597973 0.586746 0.572191 0.569184
0.604967 0.598378 0.587988 0.572631 0.570198
0.604764 0.596655 0.588951 0.573256 0.59554
0.597669 0.593817 0.589965 0.574624 0.593512
0.58966 0.59184 0.591536 0.576685 0.572225
0.583173 0.592752 0.591941 0.578611 0.569691
0.580537 0.592347 0.590649 0.580335 0.590471
0.579929 0.5889 0.589508 0.582176 0.588444
0.580132 0.584947 0.589736 0.583697 0.589965
0.580233 0.58373 0.589838 0.584845 0.584896
0.584288 0.581703 0.589711 0.586129 0.579321
0.582869 0.581044 0.589534 0.587109 0.601115
0.582159 0.582413 0.588621 0.588816 0.601115
0.584693 0.583426 0.589179 0.590049 0.593006
0.586619 0.586518 0.589914 0.590302 0.603142
0.588748 0.587076 0.589686 0.590471 0.589965
0.591282 0.587025 0.589508 0.590387 0.596047
0.591891 0.590117 0.588545 0.590725 0.595033
0.59554 0.592144 0.588216 0.591012 0.599595
0.597669 0.592701 0.587532 0.591249 0.572732
0.596655 0.59336 0.587684 0.590725 0.642676
0.595438 0.594323 0.58776 0.592228 0.62595
0.596756 0.593107 0.591434 0.593428 0.640142
0.590674 0.599442 0.594222 0.595219 0.637101
0.601216 0.601926 0.596452 0.596537 0.638621
0.607197 0.605829 0.598632 0.597601 0.637608
0.616219 0.610238 0.601951 0.598547 0.627471
0.62372 0.613786 0.605347 0.599375 0.635073
0.636898 0.61855 0.607197 0.600253 0.619361
0.635884 0.621693 0.609529 0.601014 0.615813
0.636189 0.625697 0.610998 0.6025 0.622909
0.635175 0.627674 0.612544 0.604291 0.628485
0.631627 0.631982 0.614724 0.606234 0.62595
0.627065 0.630005 0.616092 0.607248 0.607197
0.624126 0.630258 0.617334 0.607704 0.611759
0.624328 0.628839 0.618044 0.609022 0.623923
0.622504 0.625849 0.618474 0.61083 0.63558
0.620071 0.623163 0.620172 0.612333 0.622402
0.61926 0.621794 0.622149 0.613465 0.621896
0.619463 0.622605 0.623517 0.614529 0.609731
0.620882 0.621338 0.624633 0.615357 0.605677
0.620172 0.621591 0.626483 0.616236 0.603142
0.623112 0.620983 0.624633 0.616303 0.594526
0.622707 0.61926 0.623492 0.616084 0.602636
0.619057 0.616726 0.621211 0.616405 0.618348
0.61257 0.613583 0.619488 0.616912 0.618348
0.606994 0.613127 0.618474 0.617858 0.628991
0.603142 0.613786 0.617511 0.618956 0.631526
0.604866 0.613229 0.617587 0.620172 0.620375
0.6074 0.61257 0.61741 0.620865 0.628485
0.61257 0.613482 0.617461 0.622723 0.615307
0.61997 0.61333 0.618094 0.621811 0.618348
0.623517 0.615205 0.617714 0.621558 0.608211
0.625545 0.616168 0.617207 0.620493 0.604156
0.624937 0.617689 0.61632 0.619395 0.609731
0.622808 0.619057 0.616168 0.618432 0.602636
0.618145 0.619209 0.616067 0.617266 0.606183
0.614901 0.618348 0.615003 0.616557 0.6148
0.611151 0.616776 0.613533 0.615881 0.611759
0.608616 0.614496 0.613153 0.615628 0.607197
0.606183 0.612823 0.612646 0.61534 0.595033
0.607501 0.611961 0.612519 0.614411 0.594526
0.609022 0.609833 0.611987 0.613279 0.591485
0.608515 0.607805 0.611556 0.61213 0.581348
0.606994 0.605423 0.611404 0.611269 0.579828
0.604663 0.603751 0.61034 0.610204 0.571718
0.6 0.60147 0.608414 0.608464 0.574759
0.593918 0.598479 0.606082 0.606437 0.593006
0.588444 0.595388 0.603371 0.605457 0.600608
0.583781 0.592245 0.601445 0.604747 0.631019
0.579828 0.590066 0.600456 0.605457 0.668525
0.580132 0.588951 0.600583 0.607552 0.694374
0.583984 0.591333 0.603244 0.610593 0.74962
0.594222 0.598682 0.607045 0.615763 0.73036
0.613583 0.608667 0.614116 0.62002 0.732387
0.637506 0.62448 0.620426 0.623822 0.732894
0.668829 0.639382 0.626559 0.62764 0.724785
0.69478 0.654638 0.633071 0.630833 0.709072
0.715053 0.670755 0.639002 0.633418 0.803345
0.727927 0.685758 0.643715 0.639517 0.78966
0.734009 0.697364 0.653294 0.644889 0.787126
0.7259 0.717638 0.662418 0.650617 0.776989
0.740497 0.733502 0.672022 0.655905 0.772935
0.751951 0.745362 0.681145 0.661396 0.775976
0.762798 0.753624 0.690218 0.667123 0.776483
0.773239 0.755955 0.699949 0.672681 0.780537
0.786011 0.760517 0.709782 0.678611 0.793208
0.780537 0.764927 0.720223 0.684845 0.800304
0.777902 0.769691 0.731145 0.691029 0.817537
0.776584 0.776533 0.74151 0.697888 0.838824
0.779828 0.785656 0.752357 0.705609 0.846427
0.785302 0.787076 0.762747 0.713989 0.834263
0.793614 0.791992 0.771642 0.72198 0.84592
0.806082 0.797922 0.778637 0.730461 0.825646
0.81926 0.803649 0.783452 0.738604 0.818044
0.827471 0.810948 0.788216 0.746545 0.801318
0.836594 0.815915 0.792499 0.754198 0.797263
0.838216 0.820071 0.79592 0.761615 0.803852
0.83406 0.822149 0.799544 0.768643 0.794222
0.825038 0.822554 0.804283 0.775097 0.752661
0.817638 0.822909 0.803827 0.779152 0.741004
0.809225 0.820578 0.801977 0.781568 0.746072
0.80294 0.811961 0.799671 0.783291 0.744045
0.789863 0.801419 0.798125 0.783105 0.739483
0.7778 0.7926 0.79668 0.783409 0.729346
0.767562 0.782413 0.794856 0.783308 0.735935
0.755601 0.773796 0.792499 0.783409 0.748099
0.744653 0.764927 0.790269 0.784187 0.708059
0.73999 0.758388 0.788013 0.784153 0.710593
0.738976 0.753472 0.783401 0.781061 0.707045
0.739382 0.743893 0.778054 0.778307 0.710593
0.732184 0.73553 0.771465 0.775756 0.697415
0.726406 0.730968 0.764673 0.773104 0.678155
0.721946 0.727927 0.757831 0.769944 0.687785
0.716878 0.723061 0.749442 0.767005 0.684237
0.706741 0.716472 0.742549 0.76393 0.681703
0.70076 0.711303 0.735859 0.760635 0.660922
0.696199 0.706792 0.729878 0.756226 0.669539
0.691637 0.701368 0.723061 0.751867 0.666498
0.685859 0.692651 0.716346 0.746832 0.684237
0.678561 0.688799 0.709959 0.741679 0.69336
0.676837 0.684389 0.706538 0.736577 0.673594
0.67258 0.682108 0.704156 0.731221 0.64369
0.67258 0.680385 0.700532 0.72448 0.655347
0.674911 0.678003 0.695514 0.718804 0.68373
0.677446 0.674557 0.691308 0.714327 0.68373
0.672276 0.671313 0.689027 0.710407 0.683224
0.670046 0.671262 0.686417 0.706606 0.677141
0.669944 0.671465 0.683173 0.702382 0.674607
0.668018 0.673695 0.681627 0.698395 0.672073
0.669944 0.674455 0.679828 0.695709 0.688292
0.676635 0.675266 0.678079 0.693952 0.709072
0.680487 0.67405 0.676964 0.692718 0.72225
0.678155 0.673543 0.677547 0.691992 0.709072
0.679067 0.677091 0.679752 0.690978 0.717689
0.684237 0.684947 0.680816 0.69059 0.717182
0.693259 0.690319 0.682489 0.689965 0.697415
0.700152 0.693715 0.684263 0.688275 0.710593
0.709275 0.69706 0.686087 0.68836 0.724278
0.715053 0.698479 0.68814 0.688816 0.758236
0.712722 0.701825 0.691029 0.690522 0.732387
0.71039 0.706792 0.694729 0.691249 0.747592
0.713431 0.715408 0.69668 0.692921 0.751647
0.721541 0.719818 0.70038 0.695371 0.733908
0.724582 0.72367 0.705778 0.696908 0.72073
0.734617 0.726609 0.709706 0.698125 0.732387
0.742828 0.729093 0.711556 0.699814 0.712114
0.744754 0.729397 0.713989 0.701521 0.704511
0.737253 0.730917 0.715433 0.702686 0.698429
0.737253 0.732387 0.716802 0.703751 0.698429
0.730157 0.731779 0.717993 0.704224 0.686771
0.72073 0.729194 0.719311 0.704004 0.703497
0.713634 0.723213 0.719235 0.705001 0.688799
0.709174 0.718652 0.718956 0.706504 0.695895
0.700051 0.714242 0.717283 0.707856 0.699442
0.698327 0.707957 0.716624 0.70838 0.715155
0.695185 0.704156 0.715712 0.709427 0.72225
0.694678 0.702027 0.715611 0.710728 0.711607
0.694881 0.700304 0.716853 0.711877 0.687278
0.700558 0.701318 0.716903 0.712299 0.704511
0.704308 0.702027 0.715053 0.713381 0.709072
0.70887 0.700912 0.712367 0.714073 0.713127
0.707146 0.701521 0.711201 0.714208 0.708059
0.70816 0.703751 0.709478 0.713735 0.711607
0.706944 0.704714 0.707299 0.71382 0.73036
0.705119 0.70664 0.706183 0.714242 0.733908
0.70441 0.708211 0.706665 0.7148 0.719716
0.709275 0.711303 0.706741 0.715543 0.70147
0.714445 0.713178 0.707121 0.715239 0.667005
0.719412 0.712924 0.706969 0.71333 0.651799
0.72073 0.711911 0.705398 0.709782 0.671059
0.719412 0.709883 0.703066 0.707738 0.670046
0.710492 0.704612 0.702281 0.705153 0.681196
0.69478 0.700811 0.700608 0.702805 0.685251
0.68221 0.696503 0.700228 0.701183 0.682717
0.672276 0.693817 0.699696 0.699916 0.667511
0.668221 0.691181 0.69886 0.697753 0.677141
0.67187 0.686417 0.696477 0.696587 0.68373
0.678054 0.679777 0.694222 0.695895 0.692347
0.677344 0.67552 0.692828 0.695692 0.727826
0.678763 0.673746 0.693082 0.696672 0.720223
0.67927 0.67628 0.694247 0.697787 0.701977
0.680689 0.683882 0.694805 0.697736 0.702484
0.689711 0.688799 0.694247 0.698192 0.72225
0.700253 0.691992 0.693969 0.699071 0.708566
0.70522 0.694121 0.694501 0.699375 0.700456
0.708971 0.697821 0.693411 0.698885 0.696401
0.714952 0.700405 0.691738 0.698023 0.705018
0.7111 0.7037 0.690573 0.697804 0.708566
0.707146 0.705626 0.69075 0.698513 0.685251
0.706031 0.707755 0.692828 0.697871 0.692854
0.706538 0.709377 0.694501 0.697331 0.693867
0.703801 0.705119 0.69559 0.696689 0.698936
0.699138 0.702382 0.696782 0.696385 0.727826
0.697618 0.701571 0.697669 0.696925 0.683224
0.697111 0.701216 0.699797 0.695354 0.646731
0.695895 0.701774 0.699823 0.692448 0.633553
0.699747 0.69924 0.698784 0.689576 0.617334
0.699341 0.693867 0.696604 0.686771 0.599088
0.690117 0.687582 0.693284 0.684508 0.583882
0.678054 0.678814 0.688621 0.682244 0.569184
0.661733 0.667866 0.681424 0.678848 0.579828
0.635986 0.657729 0.673872 0.675841 0.562088
0.616118 0.645362 0.667765 0.67187 0.498733
0.600608 0.633958 0.660745 0.665653 0.494678
0.589863 0.620274 0.649569 0.659385 0.474911
0.578814 0.597364 0.638875 0.652965 0.477446
0.558743 0.57851 0.627598 0.646308 0.479473
0.540902 0.561328 0.61665 0.6395 0.487076
0.522048 0.545717 0.605373 0.632658 0.477952
0.501571 0.531931 0.594298 0.624328 0.47998
0.485048 0.52073 0.583933 0.61632 0.467309
0.482717 0.510137 0.573289 0.608498 0.474404
0.479372 0.501216 0.561961 0.600895 0.469336
0.480385 0.489965 0.550735 0.592465 0.472377
0.478358 0.481196 0.53781 0.584592 0.473898
0.477344 0.478256 0.527268 0.57704 0.477952
0.473796 0.476026 0.518626 0.569758 0.467309
0.472681 0.475925 0.510846 0.561835 0.47187
0.471465 0.475976 0.503345 0.553945 0.468829
0.473594 0.474759 0.496984 0.546731 0.463254
0.472174 0.473239 0.491232 0.539078 0.443487
0.472681 0.472326 0.485935 0.530732 0.429295
0.471972 0.470654 0.479118 0.521744 0.443994
0.469843 0.468272 0.472478 0.512282 0.449062
0.46295 0.463761 0.469742 0.504477 0.462747
0.455347 0.461227 0.467461 0.498344 0.465788
0.449772 0.458895 0.466853 0.492752 0.465788
0.445819 0.45778 0.46627 0.487701 0.476939
0.445717 0.456564 0.465585 0.483629 0.477446
0.450177 0.456412 0.465079 0.480081 0.489103
0.457476 0.456918 0.465053 0.477412 0.478966
0.464065 0.45778 0.465509 0.47405 0.46224
0.469742 0.460365 0.466092 0.470721 0.463761
0.475013 0.463913 0.465484 0.469556 0.443994
0.477648 0.467207 0.465205 0.467866 0.435884
0.476939 0.469184 0.463786 0.466565 0.433857
0.474303 0.468677 0.461885 0.465112 0.450076
0.467613 0.465991 0.459681 0.464132 0.439939
0.456969 0.462798 0.458819 0.462561 0.446528
0.447947 0.461227 0.457223 0.461514 0.440953
0.445514 0.457527 0.456107 0.460213 0.440953
0.44075 0.454435 0.454992 0.459334 0.45261
0.441257 0.44962 0.454866 0.458608 0.452103
0.442271 0.445819 0.456031 0.458033 0.435378
0.44369 0.444856 0.456437 0.4568 0.458186
0.444197 0.44369 0.455753 0.456276 0.453624
0.446629 0.442828 0.455525 0.455465 0.469843
0.444399 0.445058 0.454916 0.45555 0.458692
0.447846 0.447035 0.455119 0.455111 0.463761
0.45038 0.449012 0.454207 0.454942 0.469336
0.453827 0.450887 0.453523 0.455144 0.458692
0.455144 0.45261 0.452534 0.455651 0.456665
0.460821 0.455449 0.451521 0.456564 0.467816
0.463051 0.457223 0.451242 0.457358 0.461733
0.464065 0.457628 0.451445 0.45778 0.468829
0.461429 0.459199 0.452331 0.457983 0.456158
0.463254 0.461835 0.453979 0.457662 0.424734
0.462848 0.462899 0.455094 0.456293 0.426254
0.462747 0.463153 0.453827 0.454604 0.408515
0.46224 0.458642 0.453142 0.452306 0.392803
0.455854 0.455398 0.451242 0.449096 0.402433
0.447542 0.449873 0.448834 0.446545 0.398885
0.436898 0.44222 0.446908 0.444433 0.396351
0.421693 0.436594 0.444222 0.442186 0.385707
0.410948 0.430816 0.441434 0.440243 0.387734
0.405778 0.42367 0.438951 0.438638 0.388241
0.399797 0.416067 0.435428 0.437118 0.390269
0.395236 0.407957 0.432159 0.435124 0.414597
0.394222 0.401166 0.42818 0.434279 0.411049
0.391384 0.397719 0.425976 0.433097 0.396858
0.38966 0.396553 0.42334 0.431627 0.381145
0.39331 0.396807 0.419716 0.429633 0.389255
0.398378 0.397212 0.415839 0.427522 0.410035
0.400203 0.395084 0.412468 0.426119 0.405981
0.398784 0.394121 0.409579 0.425139 0.416624
0.398581 0.395489 0.406792 0.423754 0.419159
0.397669 0.397516 0.404181 0.422605 0.415611
0.396655 0.400405 0.402331 0.420797 0.41409
0.400608 0.403497 0.401875 0.419311 0.417638
0.408211 0.406031 0.401267 0.417773 0.425241
0.413482 0.405981 0.401723 0.416303 0.416118
0.414293 0.40664 0.403345 0.414884 0.421186
0.416624 0.409478 0.404029 0.413702 0.423213
0.418348 0.412975 0.405144 0.412215 0.417131
0.417739 0.416168 0.406488 0.410728 0.416624
0.418855 0.417486 0.408059 0.408988 0.411049
0.420679 0.418601 0.409503 0.407484 0.416624
0.420578 0.418601 0.410644 0.407214 0.428789
0.418855 0.41779 0.411961 0.407299 0.436391
0.417841 0.417892 0.412671 0.408228 0.448049
0.416929 0.419361 0.413938 0.410069 0.447542
0.418044 0.421237 0.416498 0.411573 0.453624
0.421896 0.423517 0.419818 0.413398 0.452103
0.42818 0.42666 0.423036 0.415256 0.445008
0.435479 0.429904 0.425139 0.417233 0.443487
0.442879 0.432793 0.427091 0.419091 0.450583
0.447542 0.43558 0.428434 0.421169 0.444501
0.449265 0.438267 0.430005 0.422977 0.430309
0.448353 0.44222 0.43145 0.423501 0.435378
0.448961 0.445008 0.432261 0.424312 0.408515
0.447136 0.44516 0.433147 0.4247 0.375063
0.442777 0.445058 0.432311 0.424497 0.378611
0.440851 0.441105 0.430258 0.424143 0.362392
0.433857 0.433857 0.42813 0.422554 0.36442
0.418753 0.426356 0.425089 0.421169 0.375063
0.405575 0.417385 0.422453 0.419784 0.379625
0.391992 0.409326 0.420375 0.418466 0.400405
0.3778 0.402484 0.418804 0.417959 0.410542
0.37111 0.395388 0.417993 0.417841 0.424227
0.372022 0.390978 0.417081 0.41806 0.422707
0.376381 0.389002 0.416472 0.417976 0.4222
0.386011 0.387886 0.415205 0.418179 0.416624
0.397973 0.389306 0.413938 0.418027 0.399899
0.407501 0.394019 0.412088 0.41725 0.404967
0.416016 0.397821 0.409478 0.416844 0.395844
0.41926 0.401571 0.407476 0.416151 0.395337
0.417131 0.405626 0.405094 0.415628 0.386721
0.413279 0.407704 0.402331 0.414631 0.379118
0.407907 0.409275 0.399442 0.412975 0.373543
0.402534 0.407907 0.396883 0.41088 0.376077
0.396553 0.404764 0.393791 0.408481 0.390269
0.392397 0.399696 0.392169 0.406572 0.406488
0.386113 0.395033 0.39293 0.405001 0.378611
0.382159 0.39184 0.394323 0.402551 0.375063
0.381145 0.390826 0.395134 0.40022 0.393817
0.385099 0.388697 0.395666 0.398564 0.399899
0.384997 0.385707 0.396604 0.396874 0.40446
0.385302 0.385504 0.397618 0.39554 0.41257
0.388849 0.38596 0.397821 0.394948 0.399899
0.390775 0.387734 0.397922 0.393766 0.42372
0.39037 0.39108 0.396706 0.394273 0.425748
0.397162 0.393715 0.396756 0.395962 0.426761
0.402129 0.398479 0.396934 0.397567 0.442473
0.408109 0.402027 0.39744 0.400237 0.445514
0.413279 0.404055 0.399569 0.40294 0.447035
0.417739 0.410441 0.401597 0.405339 0.445008
0.42372 0.417486 0.404156 0.407518 0.474404
0.432843 0.422808 0.40664 0.409985 0.455144
0.437506 0.427319 0.411024 0.411472 0.455144
0.441358 0.434313 0.414825 0.412502 0.447542
