100209.0 9885.0 11802.0 8783.0 2893.0 9076.0 142648.0
95213.0 11148.0 12184.0 8286.0 2895.0 9034.0 138760.0
85383.0 9647.0 9769.0 6320.0 1681.0 8104.0 120904.0
79010.0 6530.0 12188.0 6967.0 2413.0 8333.0 115441.0
74321.0 7071.0 12501.0 5720.0 2812.0 1696.0 104121.0
72135.0 7320.0 13194.0 5517.0 3039.0 1430.0 102635.0
71303.0 6902.0 13416.0 6355.0 3047.0 1427.0 102450.0
68022.0 7376.0 13309.0 5892.0 2641.0 1335.0 98575.0
64955.0 6898.0 12983.0 7172.0 2942.0 1213.0 96163.0
63763.0 2777.0 8483.0 7328.0 1992.0 1225.0 85568.0
64204.0 2381.0 8401.0 7242.0 1653.0 1211.0 85092.0
66468.0 1996.0 8306.0 7322.0 1592.0 1588.0 87272.0
66366.0 2452.0 9471.0 8393.0 1790.0 1560.0 90032.0
78528.0 6978.0 9893.0 7535.0 1725.0 5302.0 109961.0
80863.0 7531.0 8902.0 6257.0 1803.0 6102.0 111458.0
82234.0 7583.0 8971.0 7099.0 1638.0 7312.0 114837.0
87078.0 8479.0 9874.0 6891.0 2222.0 7598.0 122142.0
93208.0 10347.0 11455.0 8980.0 3036.0 9906.0 136932.0
97840.0 11082.0 12178.0 10313.0 3163.0 10782.0 145358.0
100328.0 12054.0 14263.0 11116.0 3397.0 11765.0 152923.0
100402.0 10290.0 13061.0 9779.0 3134.0 10031.0 146697.0
99190.0 10299.0 12370.0 8477.0 2846.0 10057.0 143239.0
100388.0 11398.0 12873.0 9280.0 2765.0 11345.0 148049.0
103650.0 11564.0 14271.0 10711.0 3218.0 11918.0 155332.0
104562.0 11935.0 14100.0 10464.0 4120.0 11437.0 156618.0
110030.0 12313.0 14726.0 11522.0 3943.0 12810.0 165344.0
98037.0 12145.0 14472.0 10671.0 3514.0 11266.0 150105.0
110033.0 12801.0 16138.0 12983.0 3737.0 13978.0 169670.0
110401.0 12452.0 16257.0 13203.0 3340.0 14153.0 169806.0
110046.0 13269.0 15836.0 11836.0 3907.0 13361.0 168255.0
110742.0 13713.0 15682.0 12333.0 3831.0 13737.0 170038.0
110169.0 12784.0 15622.0 12221.0 3646.0 14454.0 168896.0
110703.0 12990.0 15239.0 12407.0 4733.0 13886.0 169958.0
108168.0 12493.0 15850.0 11868.0 3767.0 13122.0 165268.0
108894.0 12664.0 15330.0 11302.0 3341.0 13182.0 164713.0
112963.0 13062.0 16297.0 12281.0 3502.0 14096.0 172201.0
117033.0 13461.0 17265.0 13261.0 3664.0 15011.0 179695.0
112027.0 14174.0 20456.0 14221.0 4310.0 15057.0 180245.0
115463.0 15274.0 21502.0 14791.0 5225.0 15249.0 187504.0
111111.0 13475.0 17287.0 13363.0 3549.0 14544.0 173329.0
99809.0 10028.0 15559.0 12395.0 4172.0 13042.0 155005.0
127742.0 14936.0 21237.0 13335.0 4501.0 17722.0 199473.0
123105.0 14769.0 19687.0 15907.0 4366.0 13258.0 191092.0
112508.0 13978.0 18327.0 13428.0 5153.0 14885.0 178279.0
107079.0 13145.0 15327.0 11740.0 4471.0 12975.0 164737.0
101087.0 12954.0 14814.0 10309.0 4988.0 11337.0 155489.0
100048.0 12654.0 14970.0 9718.0 5312.0 9932.0 152634.0
100017.0 11720.0 13514.0 9290.0 4385.0 10364.0 149290.0
101381.0 10808.0 11683.0 8634.0 3848.0 9017.0 145371.0
91141.0 11343.0 12183.0 8091.0 3345.0 9186.0 135289.0
82507.0 10140.0 8649.0 5455.0 1959.0 8764.0 117474.0
78826.0 8597.0 8641.0 5880.0 2001.0 6954.0 110899.0
76428.0 8430.0 8402.0 6125.0 2800.0 4245.0 106430.0
71038.0 9057.0 8201.0 5944.0 3220.0 876.0 98336.0
69985.0 9501.0 7567.0 5562.0 3152.0 858.0 96625.0
68501.0 8942.0 7917.0 5722.0 2976.0 846.0 94904.0
66851.0 8523.0 7979.0 6339.0 2399.0 680.0 92771.0
63841.0 6598.0 10022.0 7570.0 3093.0 1343.0 92467.0
61529.0 3132.0 10260.0 7544.0 3366.0 1287.0 87118.0
63941.0 2874.0 10793.0 8092.0 3484.0 1510.0 90694.0
65358.0 2820.0 10503.0 8262.0 2927.0 1785.0 91655.0
80197.0 8381.0 10178.0 6983.0 2365.0 5313.0 113417.0
83363.0 8343.0 9107.0 7044.0 2061.0 6064.0 115982.0
85699.0 8356.0 10034.0 6810.0 2319.0 6352.0 119570.0
90939.0 9234.0 11863.0 8496.0 1957.0 7807.0 130296.0
97189.0 10656.0 12241.0 9106.0 3644.0 8984.0 141820.0
102197.0 10751.0 13413.0 10236.0 3266.0 11082.0 150945.0
106852.0 11563.0 13814.0 8999.0 4192.0 10614.0 156034.0
105507.0 11543.0 13647.0 8824.0 4337.0 10416.0 154274.0
103718.0 11283.0 14578.0 9274.0 3302.0 10791.0 152946.0
102742.0 10155.0 14285.0 9141.0 3940.0 10906.0 151169.0
101774.0 10813.0 13221.0 9169.0 3738.0 10604.0 149319.0
106383.0 10972.0 13856.0 9617.0 3192.0 10515.0 154535.0
103983.0 11723.0 14997.0 10372.0 3452.0 11560.0 156087.0
108812.0 13209.0 16115.0 12277.0 3685.0 12457.0 166555.0
109536.0 12968.0 14665.0 10574.0 4427.0 11012.0 163182.0
108764.0 13481.0 15902.0 10602.0 4122.0 10913.0 163784.0
105258.0 11979.0 14491.0 10380.0 3932.0 11099.0 157139.0
104670.0 11786.0 14534.0 10622.0 3672.0 10927.0 156211.0
103570.0 12016.0 14549.0 10200.0 3627.0 11152.0 155114.0
99197.0 12474.0 15239.0 9825.0 3131.0 11152.0 151018.0
97468.0 12748.0 15442.0 11423.0 4073.0 9854.0 151008.0
104959.0 12069.0 15764.0 11400.0 3622.0 12360.0 160174.0
109194.0 12208.0 17307.0 13480.0 4563.0 14236.0 170988.0
104247.0 13329.0 15770.0 12192.0 4142.0 13590.0 163270.0
109190.0 13475.0 16877.0 12932.0 4465.0 14020.0 170959.0
117368.0 14644.0 18910.0 15450.0 4907.0 16222.0 187501.0
118440.0 15017.0 17404.0 14956.0 4761.0 14511.0 185089.0
118470.0 14759.0 19387.0 15907.0 4167.0 13631.0 186321.0
123873.0 14948.0 18891.0 14834.0 4973.0 16839.0 194358.0
113284.0 14839.0 19088.0 14646.0 4265.0 15324.0 181446.0
109584.0 14651.0 18989.0 13624.0 5013.0 14361.0 176222.0
108601.0 13654.0 15184.0 12640.0 4643.0 12187.0 166909.0
107612.0 14244.0 14415.0 9962.0 4718.0 12119.0 163070.0
107231.0 13306.0 14265.0 9633.0 3765.0 10044.0 158244.0
106275.0 12220.0 15176.0 9536.0 4222.0 10062.0 157491.0
100232.0 11562.0 13738.0 8895.0 2846.0 9883.0 147156.0
98940.0 11333.0 12179.0 8620.0 2788.0 10234.0 144094.0
90685.0 9768.0 10051.0 7332.0 1781.0 8883.0 128500.0
87178.0 9657.0 10340.0 6473.0 1772.0 8164.0 123584.0
81681.0 9935.0 7162.0 4923.0 2540.0 8524.0 114765.0
78064.0 12471.0 7944.0 5544.0 2331.0 5146.0 111500.0
76254.0 12919.0 8198.0 4706.0 2406.0 5483.0 109966.0
66728.0 7876.0 8691.0 5480.0 2709.0 4648.0 96132.0
66258.0 7962.0 8768.0 5339.0 2243.0 828.0 91398.0
68286.0 7494.0 8886.0 5857.0 2593.0 773.0 93889.0
69678.0 7046.0 8320.0 5799.0 2286.0 761.0 93890.0
68540.0 7718.0 8494.0 5855.0 2307.0 828.0 93742.0
66999.0 8066.0 7787.0 6233.0 1173.0 1036.0 91294.0
82987.0 8383.0 9546.0 6762.0 1399.0 5287.0 114364.0
84610.0 7541.0 9135.0 6603.0 1432.0 6153.0 115474.0
86696.0 7863.0 9414.0 6899.0 1580.0 6957.0 119409.0
94027.0 8759.0 10482.0 8255.0 1828.0 8549.0 131900.0
98572.0 9391.0 11693.0 9594.0 2333.0 10474.0 142057.0
104135.0 10187.0 11982.0 9873.0 3241.0 11758.0 151176.0
103224.0 11952.0 13222.0 9858.0 3533.0 11982.0 153771.0
105046.0 11641.0 12876.0 9366.0 2598.0 11581.0 153108.0
101404.0 12590.0 12274.0 8614.0 2994.0 10890.0 148766.0
102976.0 11662.0 13634.0 9286.0 3124.0 11237.0 151919.0
105684.0 12071.0 14538.0 10367.0 3904.0 12186.0 158750.0
103972.0 11853.0 14849.0 10218.0 3730.0 12199.0 156821.0
106296.0 12819.0 15211.0 11329.0 3351.0 12996.0 162002.0
106052.0 13201.0 16125.0 11594.0 3610.0 12804.0 163386.0
111105.0 14203.0 16214.0 11422.0 3970.0 12276.0 169190.0
109072.0 13036.0 15771.0 10888.0 3823.0 11974.0 164564.0
107506.0 12242.0 15148.0 10340.0 3591.0 12716.0 161543.0
106501.0 12321.0 15232.0 10078.0 3778.0 12324.0 160234.0
108467.0 12274.0 15687.0 11840.0 3743.0 13051.0 165062.0
106774.0 12206.0 15052.0 11423.0 4475.0 12982.0 162912.0
106858.0 12241.0 15393.0 12487.0 4113.0 13261.0 164353.0
110134.0 12465.0 15232.0 11812.0 4495.0 13623.0 167761.0
106122.0 13860.0 17135.0 13814.0 4845.0 14614.0 170390.0
108457.0 12956.0 16436.0 12712.0 3651.0 13761.0 167973.0
107622.0 13344.0 17248.0 13905.0 4208.0 14994.0 171321.0
111089.0 14310.0 17191.0 14889.0 3750.0 14291.0 175520.0
108906.0 12630.0 16679.0 14104.0 3408.0 13921.0 169648.0
109120.0 12589.0 17883.0 14809.0 4533.0 13759.0 172693.0
109313.0 12987.0 16859.0 13080.0 4500.0 13027.0 169766.0
106939.0 12043.0 15771.0 12189.0 4289.0 12113.0 163344.0
105561.0 13416.0 15210.0 11624.0 3729.0 11176.0 160716.0
103393.0 12754.0 13729.0 10634.0 3145.0 10966.0 154621.0
102031.0 11090.0 13248.0 9656.0 3932.0 9488.0 149445.0
105198.0 11671.0 13397.0 9185.0 4230.0 9784.0 153465.0
103526.0 12057.0 13272.0 9079.0 3280.0 9980.0 151194.0
101374.0 11924.0 12300.0 8070.0 3355.0 8864.0 145887.0
99101.0 11361.0 13675.0 8196.0 4400.0 8835.0 145568.0
90340.0 9334.0 11217.0 5206.0 2182.0 7756.0 126035.0
86265.0 6537.0 11893.0 4961.0 1727.0 6969.0 118352.0
82856.0 5623.0 11614.0 5309.0 1916.0 6751.0 114069.0
75748.0 7314.0 13464.0 5529.0 2565.0 4596.0 109216.0
73047.0 7470.0 13427.0 5453.0 2623.0 875.0 102895.0
72140.0 6950.0 12419.0 5325.0 2279.0 974.0 100087.0
67294.0 7127.0 12519.0 6188.0 858.0 897.0 94883.0
61855.0 6752.0 11867.0 5794.0 872.0 789.0 87929.0
60229.0 7342.0 12380.0 5989.0 1422.0 726.0 88088.0
62305.0 7030.0 11882.0 6044.0 1094.0 613.0 88968.0
62995.0 7043.0 12651.0 6693.0 891.0 1051.0 91324.0
81524.0 8055.0 10843.0 7036.0 1385.0 5444.0 114287.0
84510.0 6930.0 8814.0 6257.0 1574.0 5421.0 113506.0
89232.0 8182.0 10317.0 7650.0 2070.0 7045.0 124496.0
96026.0 9586.0 11252.0 7924.0 1739.0 9188.0 135715.0
103389.0 11465.0 12328.0 9026.0 2494.0 9704.0 148406.0
108638.0 11748.0 13565.0 10858.0 3064.0 11986.0 159859.0
108544.0 13155.0 13571.0 10127.0 3264.0 11297.0 159958.0
108618.0 12613.0 14245.0 9683.0 3235.0 11120.0 159514.0
107255.0 13232.0 14719.0 9754.0 3189.0 11483.0 159632.0
102848.0 13013.0 14713.0 9473.0 3860.0 11138.0 155045.0
106115.0 14232.0 16359.0 11051.0 4063.0 11750.0 163570.0
109238.0 14549.0 16312.0 10952.0 4731.0 11374.0 167156.0
110355.0 14647.0 17876.0 12909.0 4676.0 12555.0 173018.0
109911.0 14552.0 17188.0 12744.0 4468.0 13020.0 171883.0
106986.0 13922.0 16674.0 12177.0 4096.0 12836.0 166691.0
106198.0 13130.0 15673.0 10722.0 4081.0 11795.0 161599.0
105426.0 13512.0 16056.0 11648.0 4639.0 12678.0 163959.0
104667.0 13900.0 15328.0 10872.0 4240.0 11659.0 160666.0
100253.0 13038.0 14596.0 10561.0 3727.0 11144.0 153319.0
106005.0 12244.0 14703.0 10656.0 4304.0 11277.0 159189.0
105735.0 13140.0 15356.0 11012.0 4357.0 11511.0 161111.0
107073.0 13242.0 17758.0 13062.0 4583.0 12434.0 168152.0
108564.0 14197.0 17929.0 14041.0 5310.0 13745.0 173786.0
104553.0 13227.0 17323.0 13660.0 4290.0 14422.0 167475.0
108013.0 13417.0 19012.0 15377.0 4631.0 15161.0 175611.0
112387.0 14280.0 18516.0 14902.0 4176.0 15442.0 179703.0
109631.0 12886.0 16988.0 14343.0 4321.0 14146.0 172315.0
103628.0 12748.0 14657.0 11786.0 4041.0 13056.0 159916.0
98529.0 11111.0 17245.0 13335.0 4299.0 9936.0 154455.0
102554.0 12963.0 15721.0 10328.0 2981.0 11516.0 156063.0
107486.0 13615.0 14636.0 10277.0 3151.0 11367.0 160532.0
105950.0 11889.0 13685.0 10178.0 3711.0 9999.0 155412.0
101624.0 11454.0 12982.0 9126.0 3124.0 9749.0 148059.0
101004.0 11187.0 12376.0 8789.0 3116.0 9792.0 146264.0
106538.0 11945.0 13569.0 9367.0 3069.0 9299.0 153787.0
102987.0 9929.0 12349.0 8000.0 3156.0 8468.0 144889.0
97753.0 10980.0 12538.0 8359.0 4023.0 9434.0 143087.0
83093.0 9075.0 10379.0 6168.0 2750.0 7610.0 119075.0
82937.0 8982.0 10385.0 6553.0 2413.0 6483.0 117753.0
81499.0 10634.0 10192.0 6467.0 2300.0 6914.0 118006.0
76568.0 10978.0 10974.0 5544.0 2295.0 6152.0 112511.0
73932.0 10299.0 11963.0 6130.0 2179.0 6612.0 111115.0
72178.0 6633.0 12702.0 5381.0 2153.0 4045.0 103092.0
73542.0 6693.0 12741.0 5246.0 2586.0 1200.0 102008.0
73265.0 6539.0 12620.0 5616.0 2053.0 795.0 100888.0
71158.0 6919.0 11853.0 5856.0 949.0 768.0 97503.0
69391.0 6994.0 11949.0 5795.0 801.0 733.0 95663.0
71447.0 7226.0 11902.0 5542.0 1234.0 949.0 98300.0
83989.0 8931.0 10690.0 6408.0 1104.0 5353.0 116475.0
86974.0 7949.0 9407.0 6486.0 1027.0 5869.0 117712.0
90394.0 8171.0 10677.0 7892.0 1919.0 7154.0 126207.0
96000.0 10993.0 11224.0 7767.0 1727.0 8607.0 136318.0
104456.0 11551.0 12755.0 9508.0 1946.0 10613.0 150829.0
108931.0 12634.0 14886.0 11162.0 2543.0 11832.0 161988.0
108518.0 12152.0 14386.0 11184.0 2779.0 12851.0 161870.0
56937.0 6442.0 7231.0 5218.0 1378.0 6339.0 83545.0
106524.0 13037.0 15078.0 10127.0 3502.0 11400.0 159668.0
107907.0 13355.0 15626.0 11045.0 3354.0 11386.0 162673.0
109819.0 14246.0 16124.0 10482.0 3787.0 11803.0 166261.0
109491.0 14940.0 16942.0 11663.0 4271.0 13593.0 170900.0
113647.0 14817.0 18120.0 12476.0 5025.0 14250.0 178335.0
110082.0 14041.0 16477.0 11815.0 4489.0 14032.0 170936.0
111996.0 15742.0 18364.0 13412.0 4844.0 14739.0 179097.0
107881.0 14536.0 15838.0 11981.0 3955.0 12827.0 167018.0
108455.0 14606.0 15612.0 12196.0 4707.0 13190.0 168766.0
106374.0 13444.0 15152.0 11224.0 4356.0 12844.0 163394.0
104820.0 13176.0 15311.0 10829.0 4424.0 12246.0 160806.0
99338.0 12756.0 15168.0 11004.0 3648.0 11447.0 153361.0
101362.0 14011.0 16325.0 12181.0 4211.0 13842.0 161932.0
106228.0 13961.0 17462.0 13778.0 4050.0 14454.0 169933.0
104748.0 13389.0 17313.0 12684.0 4169.0 13369.0 165672.0
108480.0 13329.0 16773.0 14699.0 4818.0 15936.0 174035.0
108355.0 14082.0 18268.0 13882.0 4427.0 15648.0 174662.0
109660.0 14131.0 19101.0 14374.0 4150.0 14884.0 176300.0
114175.0 14210.0 17982.0 14489.0 4122.0 14636.0 179614.0
113252.0 14770.0 18046.0 13780.0 4172.0 13660.0 177680.0
114301.0 14647.0 18171.0 13232.0 4780.0 13151.0 178282.0
109338.0 12876.0 15874.0 12409.0 3352.0 12212.0 166061.0
106659.0 12835.0 15602.0 12370.0 3301.0 11026.0 161793.0
107853.0 12981.0 15318.0 11278.0 3684.0 11230.0 162344.0
103857.0 12319.0 14387.0 9752.0 3322.0 10427.0 154064.0
102767.0 12211.0 14605.0 9581.0 3064.0 10044.0 152272.0
101531.0 12001.0 14642.0 9903.0 3588.0 9558.0 151223.0
101826.0 11098.0 13590.0 8826.0 4093.0 8656.0 148089.0
105860.0 11242.0 14449.0 8135.0 4740.0 9132.0 153558.0
94972.0 9647.0 10502.0 6965.0 2383.0 6978.0 131447.0
92497.0 12937.0 12393.0 5169.0 2461.0 7020.0 132477.0
87889.0 12771.0 12029.0 4994.0 2706.0 4264.0 124653.0
86059.0 14124.0 13559.0 5322.0 2903.0 1905.0 123872.0
79042.0 14853.0 14070.0 5460.0 2855.0 1039.0 117319.0
77953.0 13552.0 13230.0 6387.0 2599.0 811.0 114532.0
76629.0 13529.0 13522.0 6543.0 2840.0 852.0 113915.0
73806.0 10968.0 11778.0 7755.0 3106.0 750.0 108163.0
75004.0 9835.0 9869.0 7535.0 3153.0 668.0 106064.0
73880.0 9848.0 9493.0 7347.0 2895.0 844.0 104307.0
72226.0 11092.0 8563.0 7184.0 2212.0 908.0 102185.0
80259.0 9563.0 9571.0 6705.0 1364.0 5287.0 112749.0
80016.0 7699.0 8464.0 6086.0 1057.0 5374.0 108696.0
80650.0 7786.0 8251.0 6121.0 1241.0 4841.0 108890.0
83625.0 8194.0 9420.0 6977.0 1540.0 5525.0 115281.0
87993.0 9388.0 10535.0 7324.0 1857.0 6476.0 123573.0
91892.0 10128.0 11986.0 8370.0 2098.0 6824.0 131298.0
94024.0 9348.0 10987.0 7873.0 2354.0 6729.0 131315.0
59227.0 6378.0 7992.0 5878.0 1529.0 4984.0 85988.0
100105.0 12371.0 14107.0 10030.0 3315.0 9606.0 149534.0
101756.0 12639.0 14156.0 10335.0 3304.0 10202.0 152392.0
104673.0 13018.0 15596.0 12063.0 2957.0 11125.0 159432.0
105858.0 13269.0 15726.0 12170.0 3486.0 12542.0 163051.0
107329.0 13783.0 15647.0 11465.0 4120.0 11959.0 164303.0
107491.0 12116.0 15324.0 12824.0 3600.0 12714.0 164069.0
108131.0 11907.0 14346.0 10742.0 3685.0 11454.0 160265.0
105969.0 12279.0 14850.0 11578.0 3413.0 10826.0 158915.0
105951.0 12194.0 15287.0 12826.0 3637.0 11723.0 161618.0
102727.0 11625.0 14955.0 12473.0 3986.0 11102.0 156868.0
103369.0 12409.0 15758.0 12729.0 3752.0 11976.0 159993.0
104153.0 12440.0 15785.0 12784.0 4216.0 12161.0 161539.0
103568.0 13226.0 15940.0 11745.0 4419.0 11107.0 160005.0
103727.0 12504.0 15564.0 12572.0 4224.0 11967.0 160558.0
105961.0 12240.0 15665.0 11226.0 3656.0 11484.0 160232.0
104493.0 13258.0 15063.0 11470.0 3346.0 11108.0 158738.0
107352.0 14370.0 17279.0 13502.0 4781.0 13441.0 170725.0
110317.0 13983.0 16682.0 12423.0 4379.0 12675.0 170459.0
113021.0 14704.0 17122.0 13253.0 4800.0 14327.0 177227.0
115739.0 13325.0 17187.0 13058.0 4438.0 13086.0 176833.0
112093.0 13332.0 15794.0 12830.0 4123.0 12565.0 170737.0
110643.0 13025.0 15154.0 11575.0 4487.0 12454.0 167338.0
109334.0 13940.0 14958.0 9970.0 4142.0 10839.0 163183.0
106426.0 13300.0 14897.0 9955.0 3918.0 10592.0 159088.0
105514.0 12473.0 12911.0 9126.0 3625.0 9518.0 153167.0
105707.0 12681.0 13981.0 9287.0 3484.0 9466.0 154606.0
104699.0 11998.0 12535.0 9536.0 3521.0 10055.0 152344.0
101381.0 11677.0 13232.0 9524.0 3027.0 9257.0 148098.0
104457.0 11148.0 12642.0 8268.0 3523.0 10042.0 150080.0
97318.0 9275.0 8513.0 6283.0 1638.0 8293.0 131320.0
92881.0 11319.0 10926.0 7302.0 2541.0 6960.0 131929.0
90075.0 12783.0 11791.0 7082.0 2151.0 3475.0 127357.0
85903.0 14062.0 12221.0 5507.0 2172.0 870.0 120735.0
83508.0 14529.0 12424.0 5984.0 1952.0 935.0 119332.0
81991.0 14999.0 12573.0 5718.0 2568.0 1100.0 118949.0
81746.0 14200.0 11030.0 5524.0 1667.0 726.0 114893.0
82051.0 12805.0 9649.0 6359.0 2103.0 788.0 113755.0
79257.0 11713.0 7526.0 5994.0 2540.0 754.0 107784.0
78281.0 11723.0 7289.0 6045.0 2091.0 588.0 106017.0
78760.0 11917.0 8362.0 7179.0 1973.0 865.0 109056.0
83506.0 9729.0 9769.0 6921.0 1927.0 5218.0 117070.0
81839.0 7287.0 8994.0 5785.0 1291.0 5299.0 110495.0
83289.0 7664.0 8779.0 6095.0 1638.0 5840.0 113305.0
81680.0 7838.0 8703.0 5217.0 1451.0 5581.0 110470.0
85950.0 8517.0 11391.0 8508.0 1754.0 5551.0 121671.0
89776.0 9564.0 10195.0 7083.0 1658.0 5934.0 124210.0
93495.0 9758.0 10432.0 7364.0 1834.0 6441.0 129324.0
100886.0 11050.0 12098.0 8928.0 3062.0 8022.0 144046.0
103965.0 11916.0 12250.0 8200.0 2877.0 10287.0 149495.0
109489.0 13291.0 14727.0 10632.0 2992.0 9851.0 160982.0
111054.0 15517.0 16871.0 11532.0 3640.0 10732.0 169346.0
112203.0 15482.0 16932.0 11928.0 3810.0 11666.0 172021.0
114471.0 16046.0 16791.0 10775.0 4871.0 10981.0 173935.0
98037.0 15357.0 16250.0 10368.0 4126.0 9947.0 154085.0
113648.0 14797.0 16749.0 10543.0 4493.0 10719.0 170949.0
113344.0 14954.0 15373.0 10467.0 3965.0 9783.0 167886.0
108487.0 13974.0 15355.0 10832.0 3873.0 9423.0 161944.0
107322.0 14389.0 15878.0 10170.0 4039.0 10350.0 162148.0
113426.0 12909.0 15149.0 10106.0 4410.0 9473.0 165473.0
111916.0 12474.0 15518.0 11150.0 3698.0 9775.0 164531.0
111898.0 13516.0 15813.0 11401.0 4565.0 11033.0 168226.0
113952.0 13984.0 16134.0 11277.0 4994.0 11139.0 171480.0
114359.0 13868.0 16045.0 10926.0 4852.0 11998.0 172048.0
116877.0 13767.0 16253.0 11427.0 4817.0 12262.0 175403.0
117782.0 14387.0 17090.0 13206.0 4707.0 13459.0 180631.0
117929.0 15048.0 17463.0 13209.0 5232.0 12906.0 181787.0
122033.0 14001.0 17262.0 13757.0 4410.0 13429.0 184892.0
120857.0 14219.0 17120.0 12854.0 3919.0 13631.0 182600.0
121480.0 14902.0 17021.0 12854.0 4224.0 11619.0 182100.0
122528.0 15747.0 16862.0 12434.0 4389.0 12555.0 184515.0
110373.0 13689.0 15975.0 10907.0 4478.0 11261.0 166683.0
108397.0 13346.0 15812.0 10858.0 3846.0 10402.0 162661.0
105471.0 13056.0 14711.0 9964.0 4254.0 10122.0 157578.0
105876.0 13840.0 14081.0 9244.0 4423.0 10088.0 157552.0
105617.0 12057.0 14104.0 9340.0 3849.0 10144.0 155111.0
113082.0 12925.0 14505.0 9663.0 3514.0 8986.0 162675.0
109490.0 11676.0 12925.0 8481.0 3480.0 8860.0 154912.0
98102.0 11440.0 12719.0 5331.0 2169.0 6737.0 136498.0
94178.0 12716.0 13553.0 5605.0 2704.0 6634.0 135390.0
92821.0 14362.0 14681.0 5500.0 2995.0 950.0 131309.0
89052.0 14337.0 13838.0 5360.0 2828.0 772.0 126187.0
89053.0 14000.0 13989.0 6123.0 3068.0 940.0 127173.0
85054.0 11965.0 10050.0 5793.0 3543.0 697.0 117102.0
79364.0 11513.0 8188.0 5816.0 3256.0 852.0 108989.0
78767.0 11121.0 7225.0 5991.0 2149.0 792.0 106045.0
76789.0 11339.0 7065.0 5796.0 2179.0 929.0 104097.0
79104.0 11490.0 7446.0 6122.0 2061.0 878.0 107101.0
81978.0 11571.0 8704.0 7270.0 2461.0 1340.0 113324.0
93366.0 10800.0 10562.0 7016.0 2212.0 5204.0 129160.0
95503.0 9049.0 10576.0 6921.0 2242.0 6299.0 130590.0
99640.0 9320.0 10817.0 7281.0 2370.0 6994.0 136422.0
107822.0 11043.0 12036.0 8079.0 2995.0 8606.0 150581.0
113318.0 13094.0 14057.0 9904.0 3793.0 12187.0 166353.0
119577.0 13910.0 14866.0 11340.0 4247.0 13846.0 177786.0
118480.0 14993.0 16146.0 11628.0 4606.0 12514.0 178367.0
119327.0 15368.0 16255.0 11335.0 4831.0 13873.0 180989.0
119600.0 14773.0 16490.0 10735.0 4512.0 12272.0 178382.0
118219.0 14697.0 16035.0 10493.0 5310.0 12815.0 177569.0
123070.0 16188.0 17513.0 11896.0 5450.0 13615.0 187732.0
122300.0 15132.0 17591.0 11799.0 5436.0 13123.0 185381.0
125525.0 16220.0 18124.0 13924.0 5503.0 15479.0 194775.0
129201.0 16579.0 19692.0 15069.0 5734.0 15928.0 202203.0
130145.0 16992.0 19735.0 15391.0 6335.0 15960.0 204558.0
130672.0 17714.0 20210.0 15399.0 5373.0 14593.0 203961.0
127562.0 16116.0 19268.0 14346.0 5163.0 14503.0 196958.0
122057.0 14447.0 16407.0 12823.0 4319.0 13299.0 183352.0
121343.0 14687.0 16801.0 12671.0 4467.0 14223.0 184192.0
124804.0 15558.0 18203.0 13644.0 5945.0 14516.0 192670.0
130249.0 16057.0 20160.0 14791.0 5458.0 15659.0 202374.0
130199.0 17001.0 20986.0 15092.0 5416.0 16168.0 204862.0
131652.0 18970.0 21514.0 15674.0 6691.0 16990.0 211491.0
107481.0 15866.0 22590.0 17267.0 6642.0 18203.0 188049.0
129157.0 16774.0 21613.0 17157.0 5303.0 18122.0 208126.0
135648.0 17102.0 21713.0 17408.0 5524.0 17896.0 215291.0
133492.0 16559.0 20877.0 15418.0 5969.0 16461.0 208776.0
127439.0 16510.0 20396.0 15691.0 6139.0 16515.0 202690.0
126423.0 16675.0 21599.0 16524.0 5674.0 17434.0 204329.0
124928.0 16459.0 20853.0 15365.0 5043.0 15449.0 198097.0
127757.0 15489.0 18902.0 14038.0 5266.0 13893.0 195345.0
121300.0 14324.0 16793.0 12313.0 4986.0 12529.0 182245.0
118681.0 13380.0 16279.0 11632.0 4289.0 11000.0 175261.0
115879.0 14135.0 17194.0 11480.0 4506.0 10971.0 174165.0
112851.0 13253.0 15126.0 10626.0 4803.0 11078.0 167737.0
113438.0 12093.0 14290.0 10320.0 3886.0 11126.0 165153.0
112532.0 13671.0 15730.0 8392.0 3106.0 10956.0 164387.0
100979.0 13216.0 14260.0 5525.0 1765.0 10250.0 145995.0
94328.0 13361.0 14348.0 5405.0 3067.0 9184.0 139693.0
91564.0 12886.0 13969.0 5311.0 2876.0 5271.0 131877.0
87415.0 13376.0 15297.0 6943.0 2649.0 5537.0 131217.0
81435.0 13086.0 14281.0 6442.0 2711.0 5276.0 123231.0
77767.0 12108.0 15417.0 6763.0 2617.0 5021.0 119693.0
75230.0 8027.0 14856.0 6592.0 2284.0 5010.0 111999.0
74202.0 7733.0 14534.0 6506.0 2756.0 1329.0 107060.0
68870.0 8434.0 15735.0 7078.0 2766.0 1648.0 104531.0
69470.0 8343.0 14602.0 7164.0 1538.0 1646.0 102763.0
72702.0 11534.0 14397.0 7534.0 1608.0 2112.0 109887.0
93001.0 11686.0 11769.0 7952.0 1644.0 6298.0 132350.0
99557.0 10408.0 11532.0 7395.0 1894.0 8382.0 139168.0
107011.0 11098.0 11298.0 7965.0 1563.0 9683.0 148618.0
112901.0 11794.0 12254.0 9113.0 2898.0 10943.0 159903.0
122002.0 13008.0 14023.0 10497.0 4080.0 12921.0 176531.0
126973.0 15703.0 16972.0 13012.0 4593.0 16144.0 193397.0
131186.0 16878.0 19347.0 14429.0 4711.0 15685.0 202236.0
129489.0 15660.0 19038.0 13884.0 4425.0 15245.0 197741.0
126167.0 15722.0 20036.0 13469.0 4600.0 16122.0 196116.0
121655.0 15728.0 19487.0 13343.0 4965.0 14984.0 190162.0
118589.0 14412.0 18538.0 13540.0 5114.0 14505.0 184698.0
117406.0 14007.0 17109.0 12328.0 4900.0 14003.0 179753.0
124681.0 14989.0 18487.0 14136.0 5130.0 15221.0 192644.0
122952.0 16250.0 18416.0 13909.0 5321.0 14204.0 191052.0
126962.0 16911.0 19302.0 14401.0 5655.0 14223.0 197454.0
123948.0 15138.0 18880.0 13082.0 6073.0 14342.0 191463.0
127146.0 15659.0 18834.0 13065.0 5561.0 14266.0 194531.0
123888.0 15608.0 18364.0 13069.0 4816.0 13341.0 189086.0
122988.0 13343.0 17589.0 13257.0 4803.0 14557.0 186537.0
121205.0 13580.0 17511.0 12591.0 4454.0 13993.0 183334.0
115646.0 13537.0 16759.0 12792.0 4866.0 14478.0 178078.0
118643.0 15539.0 19785.0 14426.0 5763.0 15727.0 189883.0
122849.0 15720.0 20499.0 16271.0 4693.0 16455.0 196487.0
121818.0 15184.0 19282.0 15358.0 4569.0 16543.0 192754.0
127114.0 16396.0 20481.0 15241.0 5403.0 15633.0 200268.0
134392.0 17045.0 22487.0 17621.0 4660.0 18976.0 215181.0
131776.0 17583.0 20751.0 16347.0 5821.0 17263.0 209541.0
126867.0 17693.0 21345.0 15206.0 5947.0 15855.0 202913.0
125314.0 15574.0 18287.0 12054.0 5038.0 12397.0 188664.0
125443.0 15430.0 18407.0 12208.0 5130.0 12335.0 188953.0
126424.0 15829.0 18624.0 12705.0 5320.0 12724.0 191626.0
125459.0 16117.0 18183.0 12245.0 5477.0 12910.0 190391.0
121971.0 15496.0 17249.0 11401.0 5385.0 12261.0 183763.0
118057.0 14129.0 16183.0 10255.0 5084.0 11213.0 174921.0
116869.0 13057.0 14471.0 10218.0 4916.0 11266.0 170797.0
116152.0 13487.0 14679.0 9825.0 4436.0 10714.0 169293.0
117049.0 12379.0 14217.0 8843.0 3601.0 11093.0 167182.0
103084.0 11856.0 13641.0 6963.0 3582.0 10288.0 149414.0
103133.0 12727.0 13358.0 5531.0 2774.0 8355.0 145878.0
100708.0 10877.0 12535.0 6632.0 2103.0 7323.0 140178.0
96789.0 12493.0 12985.0 6663.0 2743.0 5766.0 137439.0
92369.0 13619.0 13373.0 6805.0 3271.0 1183.0 130620.0
86968.0 10041.0 9992.0 6134.0 3336.0 830.0 117301.0
84238.0 9413.0 9452.0 7462.0 2767.0 664.0 113996.0
80124.0 10093.0 8207.0 6935.0 1944.0 752.0 108055.0
82349.0 9905.0 8321.0 7285.0 1668.0 886.0 110414.0
80920.0 10010.0 8281.0 7104.0 1685.0 705.0 108705.0
80904.0 11235.0 8649.0 7243.0 2226.0 1088.0 111345.0
95283.0 11078.0 11098.0 8119.0 1824.0 6093.0 133495.0
97303.0 10174.0 11208.0 8207.0 1931.0 6654.0 135477.0
106401.0 10885.0 12126.0 8235.0 2579.0 7769.0 147995.0
112406.0 12435.0 13632.0 10705.0 3339.0 9606.0 162123.0
119720.0 13166.0 15456.0 12225.0 3502.0 13054.0 177123.0
123578.0 15199.0 15783.0 12338.0 3489.0 12656.0 183043.0
128101.0 15140.0 16525.0 12081.0 4758.0 13665.0 190270.0
125380.0 15607.0 18012.0 12735.0 4736.0 14694.0 191164.0
122123.0 14163.0 16382.0 11386.0 4020.0 13193.0 181267.0
121161.0 15484.0 18102.0 11846.0 4687.0 14249.0 185529.0
121348.0 15334.0 18158.0 11772.0 5550.0 14787.0 186949.0
127365.0 17322.0 19276.0 13647.0 5811.0 15391.0 198812.0
127968.0 16877.0 18343.0 14323.0 5944.0 16397.0 199852.0
125622.0 16519.0 19559.0 14764.0 5225.0 16524.0 198213.0
125042.0 16078.0 19460.0 14532.0 4645.0 15596.0 195353.0
125637.0 16199.0 20626.0 14924.0 4687.0 15073.0 197146.0
123936.0 15649.0 18513.0 13487.0 4984.0 13862.0 190431.0
118857.0 14626.0 17065.0 12293.0 4572.0 13464.0 180877.0
121206.0 15052.0 17716.0 13107.0 4890.0 14726.0 186697.0
121807.0 15465.0 18294.0 13567.0 4598.0 15001.0 188732.0
119378.0 15698.0 18653.0 14058.0 4166.0 14006.0 185959.0
123628.0 16289.0 20668.0 15686.0 5316.0 16468.0 198055.0
125419.0 16813.0 19683.0 15544.0 5200.0 16428.0 199087.0
125470.0 16925.0 21679.0 16923.0 5965.0 17122.0 204084.0
126575.0 16448.0 21912.0 17554.0 5403.0 18686.0 206578.0
130004.0 17924.0 22050.0 17769.0 5890.0 18911.0 212548.0
131479.0 17445.0 20587.0 16076.0 6142.0 17099.0 208828.0
127676.0 16592.0 20232.0 14501.0 6380.0 15123.0 200504.0
125115.0 16316.0 18876.0 12375.0 5589.0 12771.0 191042.0
122803.0 14993.0 17928.0 12086.0 4886.0 11609.0 184305.0
121708.0 14459.0 17140.0 12112.0 5036.0 11744.0 182199.0
119427.0 15513.0 16202.0 10477.0 5348.0 12059.0 179026.0
119105.0 15607.0 16405.0 10232.0 5002.0 10636.0 176987.0
119321.0 15380.0 16460.0 9795.0 5098.0 11408.0 177462.0
118012.0 14786.0 16247.0 9694.0 4803.0 10390.0 173932.0
114063.0 13640.0 14728.0 9150.0 4577.0 9602.0 165760.0
109847.0 15189.0 14921.0 8621.0 5137.0 9188.0 162903.0
100714.0 12556.0 13517.0 5908.0 3432.0 5570.0 141697.0
96333.0 15095.0 13525.0 5591.0 3087.0 4312.0 137943.0
89817.0 14899.0 14099.0 5703.0 2905.0 3699.0 131122.0
83823.0 16824.0 14575.0 5616.0 3250.0 3271.0 127359.0
77844.0 13619.0 14263.0 6156.0 2737.0 467.0 115086.0
77436.0 15053.0 12993.0 5522.0 2564.0 601.0 114169.0
75442.0 13916.0 11718.0 5741.0 3716.0 587.0 111120.0
77507.0 11201.0 8011.0 5657.0 3152.0 499.0 106027.0
77215.0 11028.0 8440.0 6564.0 2828.0 514.0 106589.0
76979.0 10499.0 7866.0 6655.0 2224.0 545.0 104768.0
80570.0 11430.0 8810.0 7721.0 2192.0 851.0 111574.0
95339.0 11346.0 11149.0 7569.0 2129.0 6628.0 134160.0
95616.0 10407.0 11910.0 7303.0 2284.0 7691.0 135211.0
103190.0 11556.0 12620.0 8438.0 2623.0 8722.0 147149.0
111869.0 11917.0 13746.0 10170.0 3008.0 9732.0 160442.0
119907.0 13310.0 15334.0 12115.0 3239.0 12475.0 176380.0
131254.0 16584.0 18745.0 13566.0 5009.0 15730.0 200888.0
130680.0 15978.0 18782.0 14070.0 4892.0 15780.0 200182.0
127504.0 16785.0 19195.0 13509.0 5423.0 14218.0 196634.0
122526.0 15860.0 18242.0 11592.0 5560.0 12410.0 186190.0
119495.0 15158.0 16215.0 10246.0 4454.0 12062.0 177630.0
118813.0 14875.0 16758.0 10671.0 4774.0 12510.0 178401.0
118132.0 14592.0 17301.0 11097.0 5094.0 12959.0 179175.0
120778.0 15369.0 18343.0 13466.0 4759.0 13068.0 185783.0
122289.0 15490.0 17606.0 12821.0 4768.0 14083.0 187057.0
119468.0 16274.0 18569.0 13356.0 5108.0 13474.0 186249.0
122032.0 16778.0 19001.0 13959.0 5333.0 15030.0 192133.0
117769.0 15434.0 17644.0 12700.0 4537.0 12544.0 180628.0
117862.0 15166.0 17117.0 12215.0 4439.0 13500.0 180299.0
120066.0 14877.0 18186.0 12575.0 5013.0 14237.0 184954.0
117221.0 14654.0 17573.0 12205.0 5028.0 14075.0 180756.0
118962.0 14786.0 19140.0 13261.0 4986.0 15010.0 186145.0
119276.0 14426.0 18925.0 14428.0 5237.0 15880.0 188172.0
124899.0 15825.0 20548.0 17494.0 5617.0 19148.0 203531.0
120284.0 14499.0 19705.0 16740.0 4682.0 18827.0 194737.0
125967.0 16096.0 20732.0 17323.0 5290.0 19036.0 204444.0
127702.0 18090.0 22566.0 17033.0 5432.0 18462.0 209285.0
132031.0 18028.0 21196.0 15813.0 5711.0 17043.0 209822.0
126550.0 17096.0 19845.0 14729.0 5128.0 15444.0 198792.0
124784.0 15439.0 17923.0 13187.0 4643.0 12731.0 188707.0
123321.0 15034.0 18273.0 13079.0 4574.0 13062.0 187343.0
120137.0 15507.0 17686.0 12630.0 4865.0 12000.0 182825.0
117181.0 15436.0 17158.0 11715.0 4325.0 12313.0 178128.0
118447.0 15467.0 17882.0 11660.0 5267.0 12684.0 181407.0
115565.0 15849.0 16255.0 11157.0 4919.0 11619.0 175364.0
114693.0 14574.0 15738.0 10358.0 4927.0 11270.0 171560.0
115474.0 13327.0 14734.0 10269.0 3784.0 11506.0 169094.0
112444.0 13729.0 14200.0 8403.0 3226.0 11482.0 163484.0
103458.0 12540.0 13813.0 7530.0 3016.0 12384.0 152741.0
101063.0 11959.0 14330.0 6450.0 2866.0 9766.0 146434.0
97939.0 15313.0 16409.0 6669.0 3851.0 6312.0 146493.0
95699.0 14923.0 16206.0 7291.0 2857.0 5273.0 142249.0
90357.0 13855.0 14507.0 6224.0 3517.0 5454.0 133914.0
85076.0 12890.0 12853.0 5664.0 2839.0 5140.0 124462.0
84434.0 13621.0 14337.0 7087.0 3064.0 3968.0 126511.0
82916.0 12062.0 11190.0 7010.0 2299.0 801.0 116278.0
81022.0 11609.0 8690.0 7071.0 2165.0 768.0 111325.0
76514.0 11987.0 9000.0 7249.0 2589.0 869.0 108208.0
80736.0 11776.0 9648.0 7925.0 2658.0 1527.0 114270.0
97637.0 12474.0 12180.0 8304.0 2323.0 6493.0 139411.0
100113.0 11098.0 12424.0 8446.0 2326.0 7732.0 142139.0
106227.0 11704.0 14037.0 9367.0 2971.0 9186.0 153492.0
114970.0 12085.0 14851.0 10457.0 2983.0 10824.0 166170.0
120312.0 12998.0 15226.0 11147.0 3947.0 12881.0 176511.0
126062.0 16239.0 17236.0 12511.0 5096.0 14442.0 191586.0
128908.0 17433.0 19787.0 14535.0 5819.0 15070.0 201552.0
127970.0 16946.0 18785.0 13386.0 5203.0 14946.0 197236.0
127873.0 16907.0 19099.0 14093.0 5311.0 14695.0 197978.0
125968.0 16695.0 19578.0 13398.0 4891.0 15285.0 195815.0
123010.0 15915.0 19005.0 13719.0 5203.0 15369.0 192221.0
121356.0 15752.0 17761.0 12930.0 5094.0 14918.0 187811.0
121598.0 16125.0 18546.0 14105.0 4987.0 15413.0 190774.0
122697.0 17106.0 19974.0 15953.0 5152.0 16612.0 197494.0
120773.0 16834.0 19191.0 14728.0 5302.0 15016.0 191844.0
123580.0 16776.0 19780.0 14536.0 5725.0 14969.0 195366.0
123047.0 15802.0 19763.0 13474.0 6158.0 14096.0 192340.0
118818.0 15844.0 18451.0 12163.0 5154.0 13271.0 183701.0
127902.0 14718.0 17823.0 13923.0 6194.0 15453.0 196013.0
129117.0 16934.0 18153.0 15424.0 6081.0 14177.0 199886.0
129830.0 17210.0 21767.0 16841.0 6334.0 14686.0 206668.0
128295.0 16625.0 21200.0 14724.0 6456.0 17875.0 205175.0
128087.0 17219.0 21673.0 16248.0 5810.0 18609.0 207646.0
123929.0 15606.0 20421.0 15558.0 5141.0 17877.0 198532.0
123541.0 16449.0 20311.0 15767.0 5455.0 16679.0 198202.0
129373.0 17941.0 22729.0 17848.0 5764.0 18849.0 212504.0
122896.0 15776.0 20537.0 16332.0 5416.0 15604.0 196561.0
126867.0 16064.0 20893.0 14961.0 5504.0 16423.0 200712.0
123982.0 16238.0 20774.0 16000.0 5214.0 15591.0 197799.0
122517.0 15570.0 19377.0 14863.0 5062.0 15196.0 192585.0
122731.0 16899.0 19647.0 14217.0 5655.0 13969.0 193118.0
118312.0 15316.0 18306.0 12971.0 5078.0 12989.0 182972.0
117477.0 14709.0 18243.0 12708.0 4685.0 12550.0 180372.0
114702.0 13843.0 16417.0 11917.0 4467.0 12023.0 173369.0
114862.0 13123.0 15818.0 11278.0 4771.0 11567.0 171419.0
114083.0 13483.0 14116.0 9826.0 4834.0 10380.0 166722.0
115101.0 13322.0 13496.0 9011.0 4780.0 11364.0 167074.0
103728.0 11077.0 10879.0 6211.0 3611.0 10104.0 145610.0
102613.0 12697.0 12760.0 6106.0 3964.0 7313.0 145453.0
98856.0 11303.0 11710.0 6011.0 2023.0 920.0 130823.0
96532.0 13321.0 12329.0 5903.0 2857.0 630.0 131572.0
91913.0 14076.0 13377.0 6982.0 2826.0 834.0 130008.0
84671.0 14162.0 12575.0 5913.0 1708.0 747.0 119776.0
82681.0 14641.0 13383.0 6266.0 1872.0 554.0 119397.0
77381.0 14389.0 12615.0 6167.0 1768.0 599.0 112919.0
73728.0 14136.0 12345.0 5810.0 1462.0 646.0 108127.0
72482.0 13763.0 12466.0 6052.0 1583.0 577.0 106923.0
73451.0 11534.0 12618.0 7177.0 1593.0 674.0 107047.0
89753.0 11712.0 11942.0 6573.0 2156.0 5316.0 127452.0
89707.0 8481.0 8868.0 5797.0 1874.0 4975.0 119702.0
89409.0 8279.0 9012.0 5615.0 2020.0 5037.0 119372.0
93984.0 9421.0 11063.0 7351.0 2594.0 6247.0 130660.0
97954.0 9698.0 11521.0 7452.0 2721.0 6932.0 136278.0
103311.0 10695.0 12954.0 8612.0 3120.0 9428.0 148120.0
111433.0 10907.0 13069.0 8696.0 3055.0 8932.0 156092.0
108178.0 11867.0 14218.0 9786.0 3383.0 9519.0 156951.0
108912.0 12760.0 16115.0 10714.0 3800.0 11164.0 163465.0
112382.0 15145.0 17003.0 12604.0 4685.0 13536.0 175355.0
115888.0 14483.0 17830.0 13080.0 4658.0 14146.0 180085.0
117403.0 15518.0 18963.0 14206.0 4875.0 14538.0 185503.0
116208.0 15048.0 18646.0 13862.0 5267.0 15091.0 184122.0
115608.0 15158.0 18895.0 14036.0 4530.0 13880.0 182107.0
117910.0 16311.0 17641.0 13607.0 4088.0 13814.0 183371.0
118383.0 15158.0 18475.0 13842.0 4366.0 14652.0 184876.0
115295.0 16041.0 18461.0 13702.0 5306.0 13389.0 182194.0
119127.0 15406.0 18347.0 12501.0 4568.0 13910.0 183859.0
114373.0 14113.0 17745.0 13935.0 4223.0 13240.0 177629.0
113172.0 13940.0 17452.0 13715.0 4680.0 13766.0 176725.0
113960.0 15443.0 17500.0 12739.0 4932.0 13451.0 178025.0
114872.0 14560.0 18114.0 13657.0 4353.0 13956.0 179512.0
123926.0 14306.0 18108.0 14383.0 4077.0 14387.0 189187.0
107481.0 15125.0 17575.0 13604.0 4689.0 14634.0 173108.0
124310.0 15945.0 21411.0 16644.0 5397.0 16099.0 199806.0
124113.0 15154.0 20768.0 16302.0 5154.0 16411.0 197902.0
123143.0 15878.0 20538.0 15603.0 5333.0 16833.0 197328.0
127041.0 14924.0 19310.0 14682.0 5273.0 14908.0 196138.0
124431.0 16023.0 19733.0 15503.0 5159.0 14918.0 195767.0
124289.0 16185.0 19534.0 14031.0 4903.0 14886.0 193828.0
120449.0 16159.0 19076.0 13841.0 5348.0 14270.0 189143.0
119918.0 14488.0 16859.0 11370.0 4231.0 12560.0 179426.0
117774.0 14166.0 16945.0 11374.0 4519.0 12915.0 177693.0
114946.0 13479.0 17343.0 11448.0 4768.0 12416.0 174400.0
112690.0 12804.0 16057.0 9914.0 4884.0 10354.0 166703.0
114556.0 12470.0 14505.0 10468.0 4754.0 12602.0 169355.0
111523.0 14469.0 14639.0 9344.0 3980.0 13008.0 166963.0
102519.0 12734.0 11750.0 8051.0 2876.0 12030.0 149960.0
100176.0 13816.0 13738.0 7220.0 3579.0 11105.0 149634.0
93074.0 15368.0 15089.0 6522.0 3600.0 5162.0 138815.0
88828.0 14577.0 13541.0 5986.0 2850.0 4266.0 130048.0
88405.0 14363.0 13738.0 5648.0 2812.0 3460.0 128426.0
89974.0 14685.0 13775.0 5966.0 3130.0 1019.0 128549.0
88832.0 13664.0 13745.0 6058.0 3146.0 607.0 126052.0
84364.0 14134.0 12851.0 5942.0 2237.0 697.0 120225.0
80969.0 13642.0 11071.0 7032.0 2156.0 693.0 115563.0
80673.0 10758.0 7657.0 6257.0 2128.0 641.0 108114.0
83201.0 11734.0 7827.0 6648.0 2287.0 734.0 112431.0
91763.0 10821.0 11768.0 7800.0 1770.0 5483.0 129405.0
88773.0 8739.0 9969.0 6345.0 1746.0 5821.0 121393.0
89905.0 8811.0 9781.0 6016.0 2020.0 5605.0 122138.0
90229.0 9371.0 10437.0 6651.0 2983.0 6555.0 126226.0
94762.0 10127.0 11144.0 6174.0 2301.0 6589.0 131097.0
101610.0 10644.0 12289.0 8032.0 2389.0 7435.0 142399.0
103455.0 11261.0 11770.0 8030.0 2633.0 8167.0 145316.0
109002.0 13247.0 13914.0 9199.0 3561.0 9723.0 158646.0
108382.0 14500.0 15020.0 9948.0 3616.0 9585.0 161051.0
112260.0 15050.0 16639.0 11104.0 4586.0 11283.0 170922.0
114988.0 15818.0 17022.0 11393.0 4496.0 10830.0 174547.0
116165.0 16722.0 18320.0 13186.0 5049.0 12245.0 181687.0
116938.0 16273.0 18490.0 12447.0 4435.0 12616.0 181199.0
117319.0 16495.0 18317.0 12518.0 4813.0 12641.0 182103.0
116902.0 16429.0 17161.0 13871.0 4735.0 11713.0 180811.0
117218.0 14226.0 19080.0 11616.0 4657.0 14593.0 181390.0
114820.0 15802.0 18422.0 13150.0 4838.0 11345.0 178377.0
118166.0 13756.0 15468.0 12501.0 5014.0 13341.0 178246.0
115643.0 14041.0 16333.0 12895.0 5532.0 13844.0 178288.0
117209.0 15741.0 17221.0 11737.0 6159.0 14177.0 182244.0
116035.0 14894.0 16563.0 11270.0 5919.0 12254.0 176935.0
119158.0 15272.0 16760.0 12030.0 6095.0 15504.0 184819.0
121354.0 14430.0 17541.0 15394.0 5890.0 12625.0 187234.0
118821.0 15066.0 18024.0 12188.0 5669.0 12706.0 182474.0
122421.0 16448.0 20577.0 16048.0 5620.0 12992.0 194106.0
125639.0 15115.0 21620.0 16849.0 6035.0 17651.0 202909.0
126805.0 15680.0 20751.0 15634.0 6562.0 16329.0 201761.0
126971.0 15406.0 18566.0 14961.0 6117.0 15369.0 197390.0
126845.0 16527.0 18856.0 13214.0 5907.0 14598.0 195947.0
124537.0 14403.0 16806.0 12056.0 4556.0 13670.0 186028.0
125701.0 13969.0 16880.0 11782.0 5101.0 12585.0 186018.0
124862.0 13938.0 16337.0 10877.0 4596.0 11209.0 181819.0
121680.0 14065.0 15837.0 10443.0 3970.0 10369.0 176364.0
118308.0 14099.0 15636.0 9712.0 4611.0 11772.0 174138.0
122448.0 14167.0 15857.0 11012.0 4903.0 11430.0 179817.0
115434.0 12937.0 13952.0 9591.0 3887.0 10395.0 166196.0
115943.0 12244.0 14446.0 8389.0 4569.0 10589.0 166180.0
106404.0 12781.0 13018.0 7660.0 3740.0 10240.0 153843.0
100375.0 11257.0 12179.0 6162.0 2481.0 6932.0 139386.0
97401.0 12305.0 13855.0 5963.0 2896.0 4327.0 136747.0
83694.0 12261.0 12008.0 5821.0 853.0 347.0 114984.0
90638.0 12923.0 13640.0 6273.0 2954.0 797.0 127225.0
84102.0 13492.0 12267.0 5879.0 1557.0 845.0 118142.0
85088.0 13231.0 11387.0 5715.0 1627.0 843.0 117891.0
85071.0 9780.0 8053.0 6719.0 2024.0 864.0 112511.0
83197.0 9607.0 7814.0 6732.0 1673.0 958.0 109981.0
84715.0 9695.0 8430.0 7227.0 1919.0 1070.0 113056.0
86461.0 10552.0 8757.0 7267.0 2311.0 1112.0 116460.0
98646.0 10458.0 11730.0 7930.0 1590.0 7465.0 137819.0
101131.0 10365.0 12564.0 8492.0 2077.0 8097.0 142726.0
105932.0 10874.0 12433.0 9058.0 2264.0 8223.0 148784.0
119846.0 12857.0 16338.0 11488.0 3370.0 11917.0 175816.0
125633.0 13130.0 15490.0 12215.0 3765.0 13288.0 183521.0
128494.0 14861.0 16077.0 12646.0 4661.0 14475.0 191214.0
129027.0 15433.0 17785.0 13402.0 4245.0 15658.0 195550.0
126638.0 14920.0 17621.0 11974.0 4123.0 14670.0 189946.0
120535.0 16066.0 17338.0 11993.0 4840.0 13175.0 183947.0
115324.0 14573.0 16556.0 11962.0 4063.0 12809.0 175287.0
117937.0 15018.0 15771.0 11231.0 3964.0 13326.0 177247.0
120019.0 14799.0 15376.0 10331.0 4185.0 14318.0 179028.0
116949.0 14217.0 18604.0 13669.0 4465.0 12449.0 180353.0
118914.0 14090.0 16761.0 12155.0 4692.0 14529.0 181141.0
122625.0 16485.0 18660.0 13352.0 4680.0 15231.0 191033.0
121872.0 16343.0 19026.0 13371.0 5199.0 14314.0 190125.0
121403.0 16100.0 18925.0 13955.0 5083.0 15225.0 190691.0
120773.0 15317.0 18336.0 12080.0 5443.0 14253.0 186202.0
122753.0 14488.0 17894.0 12514.0 5263.0 13611.0 186523.0
121329.0 14783.0 17519.0 11923.0 5140.0 13325.0 184019.0
118816.0 16391.0 17449.0 11939.0 5701.0 14284.0 184580.0
113886.0 15200.0 16206.0 10405.0 4780.0 13366.0 173843.0
114918.0 14130.0 17830.0 14312.0 4090.0 15383.0 180663.0
117072.0 14997.0 19653.0 15096.0 5489.0 17398.0 189705.0
116651.0 15095.0 19675.0 15345.0 5469.0 17082.0 189317.0
126012.0 18063.0 21949.0 16260.0 5664.0 18562.0 206510.0
124706.0 18365.0 21576.0 16330.0 5322.0 17226.0 203525.0
121888.0 16107.0 19629.0 15038.0 5228.0 15775.0 193665.0
123371.0 16609.0 18110.0 13152.0 5394.0 14294.0 190930.0
126519.0 15848.0 19312.0 13638.0 5233.0 13733.0 194283.0
117966.0 16692.0 17575.0 11222.0 5356.0 11886.0 180697.0
117565.0 14715.0 16604.0 11347.0 5060.0 12172.0 177463.0
118555.0 15996.0 16458.0 11016.0 5168.0 11327.0 178520.0
114757.0 15294.0 15778.0 10362.0 4548.0 12193.0 172932.0
112097.0 13895.0 15186.0 10847.0 3706.0 11602.0 167333.0
110610.0 13464.0 14064.0 9347.0 3838.0 10158.0 161481.0
110006.0 13380.0 13536.0 8613.0 3209.0 10461.0 159205.0
97182.0 14372.0 13362.0 7075.0 2548.0 9433.0 143972.0
92160.0 14944.0 13804.0 6276.0 2141.0 7961.0 137286.0
89111.0 12419.0 11830.0 6379.0 2287.0 5605.0 127631.0
85447.0 12451.0 11733.0 6516.0 2067.0 5122.0 123336.0
80512.0 11847.0 10680.0 5520.0 1418.0 4606.0 114583.0
75935.0 11637.0 11653.0 5755.0 1683.0 4935.0 111598.0
74672.0 10016.0 8125.0 6704.0 2201.0 3890.0 105608.0
75184.0 10196.0 8011.0 6570.0 2270.0 759.0 102990.0
77020.0 10385.0 7732.0 6298.0 2170.0 696.0 104301.0
78798.0 10125.0 7960.0 6464.0 1945.0 616.0 105908.0
81323.0 10182.0 9022.0 7786.0 1929.0 1271.0 111513.0
91439.0 11475.0 11310.0 8013.0 2136.0 6514.0 130887.0
96815.0 10725.0 11514.0 8277.0 2391.0 7369.0 137091.0
100744.0 10938.0 12802.0 9632.0 2159.0 8075.0 144350.0
113357.0 13432.0 15247.0 11863.0 3386.0 11899.0 169184.0
122325.0 15177.0 16340.0 12830.0 4223.0 13248.0 184143.0
129055.0 17386.0 18999.0 15132.0 5421.0 16205.0 202198.0
122993.0 16636.0 17597.0 12586.0 4988.0 14452.0 189252.0
122755.0 17012.0 18402.0 12200.0 4455.0 14416.0 189240.0
121155.0 16374.0 17954.0 12525.0 4539.0 13930.0 186477.0
124267.0 16528.0 16281.0 12523.0 4271.0 13698.0 187568.0
120033.0 17195.0 17230.0 11605.0 4790.0 13350.0 184203.0
121905.0 16768.0 17360.0 12067.0 4616.0 13709.0 186425.0
125379.0 15226.0 18351.0 13705.0 4350.0 14674.0 191685.0
120912.0 14273.0 18206.0 13908.0 4391.0 14642.0 186332.0
126010.0 15736.0 18873.0 13976.0 4557.0 14893.0 194045.0
125838.0 15852.0 18648.0 13087.0 4970.0 14852.0 193247.0
122683.0 15521.0 17830.0 13123.0 4800.0 14630.0 188587.0
124882.0 14927.0 17874.0 12952.0 4220.0 14086.0 188941.0
121169.0 15137.0 17041.0 11839.0 4096.0 13726.0 183008.0
122886.0 14876.0 16741.0 11614.0 5081.0 13419.0 184617.0
124570.0 15556.0 17915.0 12946.0 4790.0 13996.0 189773.0
125972.0 15222.0 19051.0 14622.0 4943.0 16607.0 196417.0
123197.0 15166.0 20212.0 16188.0 4811.0 17175.0 196749.0
125003.0 15070.0 19855.0 16171.0 6120.0 18466.0 200685.0
121626.0 14912.0 20030.0 16477.0 4961.0 17918.0 195924.0
127948.0 16232.0 20922.0 17975.0 4655.0 19316.0 207048.0
129744.0 17595.0 21000.0 16773.0 5097.0 19476.0 209685.0
128686.0 16756.0 19970.0 15736.0 5221.0 17530.0 203899.0
125514.0 16214.0 20006.0 14766.0 4940.0 14970.0 196410.0
121441.0 15650.0 17973.0 13135.0 4432.0 14423.0 187054.0
118298.0 15642.0 18193.0 13671.0 4853.0 12265.0 182922.0
116085.0 14840.0 17993.0 12758.0 4867.0 11726.0 178269.0
114088.0 14083.0 16763.0 12269.0 4710.0 11285.0 173198.0
114410.0 14257.0 16140.0 11824.0 4858.0 12458.0 173947.0
111853.0 13373.0 16474.0 11098.0 4403.0 12227.0 169428.0
109415.0 11758.0 13948.0 10725.0 3503.0 10837.0 160186.0
105931.0 11837.0 14922.0 9595.0 3266.0 11570.0 157121.0
95823.0 12111.0 15285.0 7733.0 2571.0 8049.0 141572.0
92214.0 13364.0 14851.0 7593.0 2585.0 5389.0 135996.0
86827.0 12771.0 12531.0 5999.0 2311.0 5161.0 125600.0
81780.0 13375.0 12357.0 6093.0 1810.0 6119.0 121534.0
84295.0 12916.0 11460.0 5521.0 1949.0 5733.0 121874.0
82247.0 11840.0 10842.0 5975.0 1861.0 5642.0 118407.0
82205.0 12470.0 11483.0 5497.0 1998.0 5119.0 118772.0
82486.0 12404.0 11093.0 6384.0 2740.0 5290.0 120397.0
82638.0 10366.0 8287.0 6219.0 2986.0 5384.0 115880.0
83089.0 9562.0 7626.0 5823.0 2589.0 5366.0 114055.0
84982.0 10159.0 7212.0 5606.0 2222.0 1839.0 112020.0
98615.0 10009.0 9303.0 6779.0 1611.0 7395.0 133712.0
98436.0 9186.0 11203.0 8177.0 1325.0 7390.0 135717.0
106228.0 10923.0 12839.0 9751.0 2360.0 8847.0 150948.0
117064.0 12184.0 14401.0 11442.0 2804.0 11456.0 169351.0
121708.0 14446.0 16709.0 12400.0 3453.0 13569.0 182285.0
129648.0 14949.0 17841.0 14331.0 3610.0 15698.0 196077.0
130873.0 15825.0 20146.0 14328.0 4634.0 15529.0 201335.0
125384.0 16000.0 17836.0 12142.0 4283.0 13591.0 189236.0
126794.0 15495.0 17951.0 12463.0 4570.0 14418.0 191691.0
123259.0 15136.0 18159.0 12178.0 4884.0 14595.0 188211.0
122473.0 15798.0 18346.0 12670.0 4686.0 14360.0 188333.0
123064.0 16133.0 18837.0 13500.0 4701.0 15068.0 191303.0
129520.0 16920.0 19464.0 13922.0 5008.0 15409.0 200243.0
131349.0 17950.0 22342.0 17467.0 4692.0 18012.0 211812.0
132837.0 18266.0 22317.0 14181.0 5383.0 18209.0 211193.0
128438.0 16755.0 21028.0 15439.0 4893.0 17264.0 203817.0
128577.0 15868.0 19489.0 14361.0 5544.0 16177.0 200016.0
127804.0 16387.0 19312.0 14768.0 5036.0 12731.0 196038.0
129011.0 16936.0 19190.0 13620.0 4948.0 15290.0 198995.0
122382.0 17576.0 21146.0 15049.0 5196.0 18277.0 199626.0
128274.0 17216.0 19843.0 14126.0 5817.0 17547.0 202823.0
126348.0 14926.0 19312.0 14748.0 4717.0 16347.0 196398.0
121088.0 14552.0 18936.0 13958.0 4415.0 16394.0 189343.0
123590.0 16012.0 20715.0 16404.0 5166.0 19092.0 200979.0
133142.0 18800.0 23755.0 18499.0 6644.0 19765.0 220605.0
129648.0 17982.0 22647.0 17782.0 6150.0 18155.0 212364.0
134156.0 18394.0 22796.0 17383.0 6079.0 18619.0 217427.0
127205.0 18300.0 21046.0 15409.0 5941.0 15488.0 203389.0
126102.0 15807.0 18667.0 13186.0 5778.0 14107.0 193647.0
125199.0 15683.0 17501.0 13625.0 5081.0 13973.0 191062.0
122829.0 14461.0 16471.0 10651.0 5089.0 13108.0 182609.0
118112.0 14397.0 15534.0 11261.0 4929.0 12496.0 176729.0
115981.0 14536.0 16480.0 11029.0 5487.0 11956.0 175469.0
116121.0 14247.0 16120.0 10820.0 4461.0 12528.0 174297.0
115859.0 13221.0 14187.0 11098.0 3487.0 12572.0 170424.0
113957.0 12368.0 13936.0 9981.0 3607.0 11077.0 164926.0
115149.0 12951.0 13682.0 8908.0 3180.0 12496.0 166366.0
107879.0 14634.0 13646.0 7944.0 2776.0 11534.0 158413.0
102890.0 14128.0 11386.0 6538.0 2244.0 9929.0 147115.0
97854.0 12707.0 11387.0 6003.0 2521.0 8050.0 138522.0
93709.0 12502.0 11609.0 6183.0 2599.0 5876.0 132478.0
90541.0 12095.0 10823.0 5567.0 3063.0 5311.0 127400.0
86075.0 10609.0 9839.0 6263.0 3296.0 5433.0 121515.0
88405.0 9243.0 6972.0 6124.0 2124.0 5363.0 118231.0
87523.0 9156.0 6813.0 6197.0 3127.0 4976.0 117792.0
85130.0 9644.0 6330.0 5589.0 3365.0 4892.0 114950.0
85705.0 10047.0 7957.0 5633.0 2224.0 4511.0 116077.0
87951.0 10186.0 7609.0 6534.0 1810.0 1383.0 115473.0
99492.0 10337.0 10969.0 7644.0 1649.0 6324.0 136415.0
99273.0 10162.0 12169.0 7632.0 2383.0 7066.0 138685.0
108682.0 10329.0 11921.0 8441.0 2484.0 8067.0 149924.0
118307.0 12508.0 14592.0 11162.0 3217.0 11159.0 170945.0
129928.0 14415.0 16887.0 12974.0 3560.0 14218.0 191982.0
133037.0 16570.0 19489.0 15543.0 5383.0 16693.0 206715.0
133260.0 15994.0 20008.0 14649.0 5410.0 16332.0 205653.0
130177.0 15468.0 17339.0 12564.0 4387.0 13680.0 193615.0
125303.0 14234.0 17880.0 12733.0 4617.0 13679.0 188446.0
127952.0 15609.0 18914.0 13351.0 4370.0 14021.0 194217.0
127201.0 16374.0 18545.0 13039.0 4146.0 14858.0 194163.0
124246.0 16020.0 19135.0 13051.0 5023.0 14707.0 192182.0
128911.0 16971.0 20810.0 14486.0 5435.0 16453.0 203066.0
129672.0 16336.0 21170.0 15546.0 5055.0 16932.0 204711.0
129132.0 17221.0 21142.0 15476.0 5069.0 16756.0 204796.0
111440.0 14493.0 17218.0 12405.0 4382.0 13408.0 173346.0
128803.0 15833.0 19460.0 13430.0 5766.0 15538.0 198830.0
127636.0 15736.0 18968.0 13201.0 5663.0 14390.0 195594.0
126921.0 16023.0 18837.0 13615.0 5614.0 15372.0 196382.0
125811.0 15693.0 18944.0 13288.0 5150.0 15034.0 193920.0
127078.0 15915.0 20174.0 15157.0 5264.0 16597.0 200185.0
126258.0 16022.0 21171.0 16375.0 5562.0 18963.0 204351.0
126509.0 16417.0 20264.0 16182.0 5828.0 17587.0 202787.0
125312.0 17139.0 21529.0 17817.0 5642.0 19256.0 206695.0
130085.0 17887.0 22373.0 17750.0 6569.0 18669.0 213333.0
127764.0 16971.0 22251.0 17117.0 6198.0 19370.0 209671.0
128177.0 16760.0 20578.0 16000.0 5806.0 17152.0 204473.0
127039.0 15662.0 19202.0 14970.0 4783.0 15863.0 197519.0
124241.0 15624.0 18694.0 13599.0 5126.0 13662.0 190946.0
124498.0 15611.0 19382.0 13615.0 5294.0 13412.0 191812.0
120950.0 14375.0 17896.0 13085.0 4674.0 12397.0 183377.0
118405.0 14575.0 17553.0 13201.0 4757.0 12692.0 181183.0
118594.0 15759.0 16613.0 11534.0 5175.0 11958.0 179633.0
116821.0 15338.0 16430.0 11683.0 4688.0 11837.0 176797.0
115329.0 14212.0 15376.0 11172.0 3858.0 11513.0 171460.0
117120.0 15280.0 15067.0 10334.0 4427.0 12271.0 174499.0
116728.0 14408.0 14792.0 9242.0 4569.0 11451.0 171190.0
108381.0 13355.0 12967.0 8409.0 3935.0 10711.0 157758.0
100825.0 14249.0 14257.0 9422.0 3556.0 8794.0 151103.0
100566.0 15893.0 15749.0 8185.0 3982.0 4580.0 148955.0
97230.0 14243.0 13888.0 6017.0 3787.0 1023.0 136188.0
92622.0 13169.0 12561.0 5939.0 2523.0 894.0 127708.0
90012.0 11668.0 11755.0 5975.0 2047.0 991.0 122448.0
84844.0 8605.0 7899.0 6787.0 1898.0 936.0 110969.0
82984.0 8775.0 7689.0 6754.0 1609.0 1079.0 108890.0
80577.0 9148.0 7959.0 6917.0 1700.0 997.0 107298.0
81057.0 9588.0 8537.0 7381.0 1976.0 1140.0 109679.0
80081.0 10514.0 8760.0 7432.0 2057.0 1572.0 110416.0
97335.0 10907.0 11590.0 8604.0 1722.0 6613.0 136771.0
99653.0 10146.0 12257.0 9022.0 1776.0 7725.0 140579.0
106854.0 10215.0 12515.0 9979.0 2056.0 9341.0 150960.0
117327.0 13065.0 15217.0 11244.0 3543.0 11732.0 172128.0
124996.0 13910.0 15807.0 11905.0 3575.0 13268.0 183461.0
130441.0 16263.0 17733.0 13228.0 4772.0 15746.0 198183.0
129769.0 17656.0 21020.0 15139.0 5583.0 16700.0 205867.0
127014.0 16190.0 18035.0 12011.0 5077.0 14033.0 192360.0
122747.0 15393.0 17631.0 12540.0 4549.0 13625.0 186485.0
124719.0 15987.0 17766.0 12340.0 4655.0 14004.0 189471.0
123103.0 15016.0 17097.0 12307.0 4555.0 14278.0 186356.0
123324.0 14899.0 16448.0 12303.0 4405.0 14463.0 185842.0
124368.0 16361.0 18010.0 13179.0 5556.0 14490.0 191964.0
124397.0 17320.0 19120.0 14591.0 4653.0 15363.0 195444.0
117726.0 15855.0 17459.0 13085.0 4454.0 14227.0 182806.0
123622.0 16936.0 19257.0 14143.0 4803.0 15818.0 194579.0
122257.0 16091.0 17724.0 12054.0 4780.0 13633.0 186539.0
122024.0 15986.0 17355.0 12704.0 4939.0 14276.0 187284.0
124655.0 16730.0 17435.0 13403.0 4624.0 14702.0 191549.0
122988.0 17439.0 19443.0 14321.0 5445.0 15727.0 195363.0
123192.0 16353.0 19600.0 15473.0 5745.0 16835.0 197198.0
126481.0 16507.0 21451.0 17025.0 5041.0 18106.0 204611.0
124344.0 16130.0 20142.0 15623.0 5114.0 17521.0 198874.0
130558.0 18696.0 22654.0 17162.0 5959.0 18227.0 213256.0
128390.0 18950.0 23247.0 17977.0 5330.0 18911.0 212805.0
134034.0 18610.0 23595.0 18194.0 5736.0 18495.0 218664.0
128583.0 18060.0 23212.0 17539.0 4749.0 18474.0 210617.0
126762.0 18039.0 21904.0 16337.0 5206.0 16779.0 205027.0
122918.0 15972.0 19776.0 15606.0 4642.0 15538.0 194452.0
123883.0 16443.0 19861.0 13625.0 4580.0 14652.0 193044.0
121647.0 16277.0 19127.0 13530.0 4682.0 14154.0 189417.0
119901.0 14887.0 18141.0 13021.0 4627.0 13314.0 183891.0
114410.0 15258.0 17601.0 12519.0 3470.0 12101.0 175359.0
114343.0 13622.0 15636.0 11353.0 4310.0 11997.0 171261.0
112297.0 13247.0 14951.0 11089.0 4148.0 11790.0 167522.0
112888.0 12299.0 14576.0 10734.0 3092.0 12419.0 166008.0
112338.0 12868.0 15088.0 9652.0 4178.0 11211.0 165335.0
100085.0 10495.0 11372.0 7804.0 2752.0 10493.0 143001.0
93459.0 12469.0 14133.0 7286.0 4183.0 8810.0 140340.0
90704.0 13301.0 14339.0 6654.0 3522.0 4268.0 132788.0
87939.0 13307.0 14514.0 6678.0 3286.0 1126.0 126850.0
85164.0 14808.0 15005.0 6417.0 3198.0 1063.0 125655.0
81660.0 15074.0 14103.0 6024.0 2771.0 857.0 120489.0
78168.0 15587.0 13912.0 6062.0 1881.0 1055.0 116665.0
72826.0 15049.0 13685.0 6680.0 1625.0 1028.0 110893.0
79538.0 13323.0 12246.0 7240.0 1907.0 817.0 115071.0
80041.0 10541.0 8438.0 6920.0 2137.0 834.0 108911.0
80760.0 10196.0 8555.0 7362.0 1933.0 770.0 109576.0
86199.0 10802.0 11628.0 7171.0 2174.0 5710.0 123684.0
89182.0 10271.0 10235.0 6357.0 2240.0 5674.0 123959.0
92205.0 10033.0 10805.0 6130.0 2013.0 6086.0 127272.0
94919.0 10210.0 11681.0 6871.0 2752.0 7372.0 133805.0
99469.0 10707.0 11956.0 7606.0 2943.0 7279.0 139960.0
103370.0 12282.0 13449.0 9186.0 3404.0 9710.0 151401.0
107589.0 12121.0 14321.0 10500.0 3114.0 10798.0 158443.0
112486.0 12009.0 15743.0 12045.0 3252.0 11365.0 166900.0
114771.0 12737.0 16575.0 12869.0 4335.0 12027.0 173314.0
119079.0 14956.0 18398.0 11962.0 4481.0 13927.0 182803.0
119187.0 15229.0 20244.0 11293.0 4549.0 14899.0 185401.0
122628.0 15662.0 19983.0 15605.0 4836.0 15473.0 194187.0
123516.0 15323.0 19218.0 15490.0 4615.0 16815.0 194977.0
121185.0 16781.0 18690.0 15042.0 4712.0 15132.0 191542.0
121977.0 16380.0 17838.0 13084.0 4649.0 13643.0 187571.0
118554.0 15169.0 18084.0 13779.0 4868.0 13438.0 183892.0
119259.0 15886.0 18115.0 13630.0 4633.0 13312.0 184835.0
117738.0 15459.0 19064.0 14502.0 5105.0 14672.0 186540.0
117377.0 14730.0 19466.0 15538.0 5197.0 15043.0 187351.0
116787.0 13862.0 18560.0 14405.0 5278.0 14321.0 183213.0
112128.0 13493.0 16989.0 13366.0 4755.0 14066.0 174797.0
113653.0 13895.0 18298.0 14299.0 5084.0 15107.0 180336.0
114529.0 13848.0 17843.0 14281.0 5323.0 14971.0 180795.0
114624.0 14133.0 17225.0 13725.0 5517.0 15230.0 180454.0
117853.0 14021.0 19212.0 15465.0 5433.0 16253.0 188237.0
127002.0 15283.0 20363.0 16230.0 4788.0 16428.0 200094.0
119383.0 15901.0 20788.0 15934.0 5743.0 15684.0 193433.0
120174.0 14464.0 20324.0 15550.0 5262.0 16067.0 191841.0
124448.0 15620.0 19573.0 14854.0 5320.0 15484.0 195299.0
120080.0 14980.0 19922.0 14196.0 5104.0 14912.0 189194.0
118996.0 14758.0 18605.0 13240.0 4585.0 13042.0 183226.0
116882.0 14848.0 17802.0 12323.0 4298.0 11954.0 178107.0
117286.0 14846.0 17194.0 11526.0 4635.0 12295.0 177782.0
116368.0 13884.0 16069.0 11903.0 4504.0 13123.0 175851.0
115130.0 13719.0 16455.0 11244.0 4547.0 11556.0 172651.0
115753.0 15385.0 14665.0 10408.0 4235.0 12301.0 172747.0
119770.0 14987.0 14719.0 10116.0 3141.0 11593.0 174326.0
109534.0 14706.0 15338.0 7979.0 2705.0 11367.0 161629.0
106822.0 14195.0 14007.0 8628.0 1363.0 10705.0 155720.0
103484.0 15100.0 15000.0 8295.0 2157.0 9691.0 153727.0
100405.0 14868.0 14256.0 6617.0 2554.0 4786.0 143486.0
95447.0 13975.0 13724.0 6621.0 1760.0 4194.0 135721.0
92032.0 13517.0 13045.0 5918.0 1426.0 802.0 126740.0
89443.0 13062.0 13604.0 6997.0 1357.0 570.0 125033.0
79223.0 12519.0 13100.0 6600.0 1250.0 783.0 113475.0
78533.0 11905.0 11474.0 6592.0 1824.0 793.0 111121.0
78480.0 9295.0 7960.0 6715.0 1900.0 826.0 105176.0
77334.0 10134.0 7790.0 6675.0 1924.0 933.0 104790.0
85863.0 10579.0 10343.0 6943.0 1632.0 5737.0 121097.0
84979.0 8924.0 10316.0 6197.0 1694.0 5838.0 117948.0
85354.0 10234.0 9740.0 6141.0 2128.0 6264.0 119861.0
88470.0 9264.0 11277.0 6914.0 2089.0 7187.0 125201.0
91557.0 10127.0 11100.0 6794.0 3395.0 7405.0 130378.0
94764.0 9645.0 10641.0 7356.0 2595.0 8016.0 133017.0
100566.0 10293.0 11736.0 8590.0 2604.0 8328.0 142117.0
105344.0 12154.0 14653.0 12011.0 3421.0 13023.0 160606.0
111810.0 14452.0 15741.0 12254.0 3868.0 13074.0 171199.0
114026.0 14667.0 16116.0 10949.0 3513.0 11325.0 170596.0
107520.0 13963.0 15827.0 11293.0 4146.0 12466.0 165215.0
120969.0 17361.0 20508.0 14435.0 4284.0 14624.0 192181.0
121941.0 16490.0 19577.0 14115.0 4850.0 13320.0 190293.0
121528.0 16793.0 19301.0 13507.0 4703.0 12829.0 188661.0
119879.0 15048.0 17705.0 12511.0 4620.0 12018.0 181781.0
117972.0 14598.0 16915.0 11693.0 3807.0 12103.0 177088.0
114817.0 15575.0 17666.0 12593.0 5072.0 11371.0 177094.0
108872.0 13742.0 16295.0 11782.0 4467.0 12731.0 167889.0
113654.0 13580.0 16595.0 11477.0 4314.0 14159.0 173779.0
114246.0 13627.0 16479.0 11743.0 5003.0 11919.0 173017.0
113812.0 14387.0 16171.0 10826.0 5404.0 11880.0 172480.0
112589.0 13833.0 16335.0 11836.0 5419.0 12499.0 172511.0
113940.0 14622.0 17107.0 12096.0 6371.0 12641.0 176777.0
116440.0 14758.0 17685.0 12227.0 5643.0 13084.0 179837.0
120745.0 15626.0 19183.0 13412.0 5137.0 13816.0 187919.0
124530.0 14829.0 18446.0 16717.0 5759.0 17758.0 198039.0
123917.0 14492.0 18918.0 14783.0 4974.0 14745.0 191829.0
