10393 2083 1170 1892 2774 3852 2303 1609
13668 2291 1688 2890 2730 4554 2461 2010
16341 2387 1851 3548 2273 3777 2537 1854
12134 2127 2012 4188 1892 4180 2703 1725
10543 2126 1904 4345 1964 3514 2616 1660
9379 2200 1706 4091 1944 3183 5813 1810
10654 2341 1479 2885 2778 3113 3703 1815
10289 2431 1737 3478 2674 3179 3047 1889
9607 2400 2096 5753 2223 3037 2862 1634
8320 2155 2935 5131 2648 2693 2835 1508
9930 2129 2563 5429 2125 2649 2722 1484
9900 2305 2187 5124 2048 2721 2731 1713
8397 2209 1970 4257 1988 2653 2422 1864
12376 1967 1534 3006 2973 2602 6297 1737
10827 2148 1746 3672 3081 2983 2469 1849
24264 2277 2077 4818 2944 2828 2581 1722
15880 3969 1975 5194 2588 2820 2667 1515
19596 2127 2055 6567 1321 2819 2381 1978
11947 1927 2568 5961 1786 2718 2419 2201
11539 1962 1885 4482 2588 2758 2341 1899
14048 1879 1420 2905 2297 2523 2203 1914
14670 1954 1607 3639 2703 2566 2481 1964
13172 1970 2094 5052 2490 2502 2301 1709
9618 1864 2927 5685 70849 2679 2284 1722
8196 2021 2687 5431 20868 2626 2419 1726
8269 2036 2302 5263 4601 2590 2639 2052
7824 2009 1882 7465 3293 3238 2271 1883
10897 2100 1604 3501 3091 2494 2092 1910
9541 2073 1874 3751 2870 2803 2244 1844
10709 2302 2161 5208 2646 2887 2373 1656
11178 2030 2177 5407 2033 3028 2208 1650
8400 1928 2530 5266 1938 2863 2134 1858
7242 1867 2183 5296 1943 2715 2191 1762
7099 1857 1789 3996 2685 2708 2321 1857
8255 1921 1394 2974 3031 2661 2127 1789
9396 2065 1611 3709 3369 2595 2165 1878
10563 1986 2153 5195 1987 2449 2131 1588
9375 1953 2127 5459 2364 2710 2147 1577
8966 1775 2086 5567 1903 2746 2292 1632
7090 1720 2492 5700 2527 2765 12242 1686
7160 1754 2533 4378 2054 2573 2582 1654
9483 1888 1744 3319 2470 2611 2218 1839
8172 2058 1677 3997 2406 3877 2198 1901
8493 2077 2099 5437 3071 3149 2398 1599
8470 1838 1971 5283 1870 2596 2177 1552
9027 1814 1954 4968 2194 2537 2233 1640
8193 1912 2038 5243 2172 2767 2368 1793
8084 1853 1776 4023 1971 2838 2460 1609
10078 1891 1451 3258 2722 2580 2268 1834
9897 2041 1561 3993 2211 2439 2277 1762
8324 1949 2053 5255 2132 2853 2381 1555
6838 2100 2051 5547 1954 2679 2235 1530
7415 2097 2228 5781 2373 2529 2353 1547
10258 2072 2012 5645 1792 2565 2410 1695
7509 1933 1766 4622 1983 2500 2283 1673
8903 1946 1439 3283 2648 2202 2067 1831
8970 2151 1703 4303 2580 2250 2144 1815
8735 1971 2225 6118 2862 2265 2266 1675
6830 2193 2083 6012 2014 2357 2207 1490
7381 2098 2100 6236 1747 2495 2257 1438
7523 2024 1987 6145 1785 2389 2135 1754
7343 1905 1750 4909 2523 2340 2102 1529
8241 1956 1398 3657 2786 2875 2069 1781
8221 2008 1620 4694 3115 3112 2080 1902
7837 2025 2200 6099 2130 3083 2497 1569
7386 1960 2110 6453 1860 3078 8583 1443
8389 1816 2023 6493 1753 3007 2866 1485
6941 1745 1961 6306 1572 3180 2742 1588
6545 1766 1793 4821 1642 3011 2369 1524
9216 1844 1338 3024 2042 2379 2005 1785
9183 2101 1627 4266 2027 2601 2231 1889
8662 1944 2410 5842 1641 2861 2427 1657
6860 2066 2116 5634 1484 2592 2461 1559
14800 1881 1980 5907 1537 2600 2113 1531
10224 1878 1984 5152 1463 2585 2312 1613
7869 2002 1603 4171 1542 2525 2068 1538
9435 1896 1279 2941 1645 2218 1847 1519
10053 1732 2071 3775 1818 2317 1946 1641
7402 1814 1880 5499 1598 2438 1859 1360
6749 1684 1857 5599 1723 2363 1909 1486
6581 1572 1739 5176 1680 2454 1796 1314
6640 1549 1737 4598 1541 2426 1706 1339
6337 1558 1560 3549 1578 2060 1756 1340
6637 1552 1170 2485 1400 1861 1913 1545
7328 1656 1576 3525 1959 2071 1942 1705
7984 1582 1993 4765 1890 2168 1922 1378
7304 1568 1837 4755 1692 2046 2098 1434
7988 1527 1952 4536 1719 2180 1844 1541
6463 1552 2213 4574 1738 2329 1808 1475
7500 1545 1488 3388 2294 2139 3617 1418
7767 1537 1347 2441 1654 2027 3826 1459
7640 1518 1455 2721 1695 2103 2580 1596
7731 1530 2852 3769 1583 2219 3405 1488
7477 1615 1919 3918 1551 2086 2287 1433
6825 1670 2021 3812 1725 2105 2455 1511
6645 2011 1736 3232 1782 2596 1967 1574
7074 1865 2086 2662 1982 2167 1905 1612
10473 1802 1217 2208 1719 2018 2142 1573
7353 1760 1372 2550 2415 2170 1743 1496
10478 2210 1738 3503 1915 2207 1952 1516
7825 2054 1864 4207 1949 2141 1875 1527
9060 2146 1857 4241 1816 2201 1915 1623
9426 2204 1842 4136 1846 2038 1882 1640
10037 1930 1666 3514 1689 2309 1825 1508
9895 1777 1370 2492 1814 2384 1581 1630
15045 1688 1412 3466 1890 2263 2164 1610
12805 1694 2018 4920 1827 2503 1691 1450
11181 1654 2039 5134 1934 2664 2147 1476
10061 1667 2035 5016 1964 2328 2757 1473
13106 1635 1869 5113 1827 2371 2781 1628
9329 1589 1723 4136 1718 2280 2839 1487
9031 1717 1423 2972 2452 2314 2706 1671
11673 2515 1804 3609 2340 2606 2176 1696
10962 2263 2243 5513 2392 2608 2231 1533
9852 1919 2175 5689 1648 2435 2306 1474
8643 1744 2213 5512 1647 3227 2851 1482
9501 1847 2113 4791 1632 3124 2250 1399
10192 1752 1863 3733 1555 2584 2273 1480
13259 1982 1416 2609 1605 2122 3940 1585
14234 2138 1625 3643 2489 2250 2107 1677
10931 2044 1981 5114 1679 2339 2171 1590
14690 2057 1982 5372 1883 2589 2024 1451
12389 1940 2099 5897 1819 2445 2286 1645
11210 1897 2079 6002 1727 2459 2321 1416
11535 1829 1992 4714 1822 2289 2073 1412
11751 1878 1367 3190 2083 1992 3041 1645
11220 2032 1615 3839 3467 2124 2197 1511
11326 2086 2041 5154 4312 2246 2064 1522
10868 2037 2121 5480 2453 2242 1873 1492
9777 2137 2071 5701 1970 2521 2225 1538
9827 2000 2451 5219 1763 2570 2292 1641
10810 1815 1877 4192 1660 2350 1991 1592
10042 2021 1502 2786 2109 2176 1868 1506
10190 1956 1502 3438 2559 3110 2228 1528
9448 1945 2351 5455 2006 2652 2095 1346
10989 1846 2094 5169 1642 2413 2210 1340
13361 1903 1998 5010 1682 2400 2022 1332
9935 1831 1792 4860 1870 2197 7037 1615
8943 1722 1682 3697 1666 2231 5759 1578
10199 1757 1299 2827 1929 2027 3271 1453
9683 1973 1306 3249 2123 2089 3064 1549
11281 2091 2018 4582 1755 2098 2663 1380
9618 1992 1971 4775 2122 2108 3618 1428
9894 1924 1981 4645 1641 1980 3212 1436
10172 1796 1927 5009 1663 2051 2480 2254
9914 1779 2956 4114 1642 2398 2236 2135
10060 1852 1345 3103 3613 1970 2115 2143
11107 2123 1431 3139 2023 2016 2152 2272
12726 2468 1809 4438 2905 2352 3202 2218
12607 2110 2188 4781 2595 2339 4759 2064
10802 2075 2038 4749 1742 2357 3933 2327
11665 2185 2143 4527 1733 2309 3144 2236
9940 2154 1708 3450 1567 2611 2662 2050
11481 2053 1410 2418 1965 2324 2196 2074
13288 2159 1501 2848 1848 2223 2274 2185
15440 2095 1875 4014 2032 2469 4455 2116
14539 2110 2007 4578 1878 2597 2964 2301
14388 1953 1961 4296 1649 2564 2418 2288
12487 2049 1881 3900 1752 2553 2299 2496
13131 3620 1747 3341 1708 2426 2604 2221
13938 3986 1362 2727 1748 2040 2846 2296
12314 3300 2477 3269 1766 2347 2469 2105
11790 2983 2036 4345 2028 2591 2819 2158
11126 2626 1963 4492 2157 2525 8493 2099
10477 2526 1981 4586 2050 2504 13484 2303
9699 2260 1910 4211 1591 2380 5412 2532
10249 2141 1731 3268 1661 2410 3362 2373
10159 2220 1296 2702 1637 2254 2589 2248
9961 2153 1371 3716 1749 2226 2659 2383
11899 2239 1875 3996 1947 2537 3387 2172
10668 2628 1895 4027 2042 2640 2717 2164
9327 2460 1802 4345 1842 2510 3143 2489
9784 2364 1897 3606 1804 2787 2524 2562
9224 2057 1662 3037 1938 2678 2430 2411
10061 1915 1207 2378 2354 2300 2134 2308
10559 1936 1372 2713 1938 2427 2295 2283
9307 2175 3063 3507 1912 2598 2548 2177
9952 2190 1856 3914 1649 2730 2521 2132
9686 1883 1815 3618 1637 2534 2522 2461
9748 2008 1706 7078 1588 2890 2375 2477
9216 2427 1494 3087 1526 3640 2812 2317
9920 2050 1318 2704 2352 2455 2035 2500
12789 1890 1295 2778 2171 2697 2122 2443
10371 2079 1693 3566 1829 2706 2774 2516
12493 1962 1717 3466 2315 2940 2568 2355
10101 2272 1546 3344 8081 2631 2337 2444
10982 2552 1592 3164 2401 2617 2731 2450
16325 2534 1564 2871 2144 2526 2150 2514
10775 2189 1105 2385 2487 2198 4054 2477
11140 2146 1290 2607 130659 2268 2239 2499
10005 2501 1822 3179 561011 2725 3057 2311
9199 2382 1769 3269 171640 2920 2460 2603
12146 2380 1744 3312 70360 2881 2430 2501
14345 2031 2215 3127 39389 4791 2261 2364
11767 2142 2767 2613 28094 6541 2452 2338
11914 2131 1254 2148 23618 5648 2349 2354
14303 2431 1664 2721 21980 5769 2238 2270
10897 2905 1791 3380 15628 5638 2332 2285
10445 2459 1771 3203 11051 6859 2455 2227
9676 2252 1848 3117 9222 5760 2150 2398
8156 2261 2648 2989 7614 5348 2271 2515
9491 1867 1867 2603 6827 4537 2125 2340
8610 1783 1136 1944 6254 4378 2060 2355
11482 1822 1177 2511 6473 4660 1850 2367
9226 1987 1706 3149 6338 4730 2176 2583
9296 2142 1726 3509 6831 3773 2200 2411
11780 1974 1606 3163 5953 3452 2120 2444
11197 1897 1732 3139 11503 4648 2159 2499
11818 1893 1499 2621 24735 4188 2185 2426
12169 1859 1070 2278 5233 2629 6252 2403
11181 2035 1284 2446 6287 2814 2464 2390
9127 2141 1582 3042 4317 3333 2227 2418
8178 2177 1631 3166 3678 2989 2108 2185
8843 2101 1619 3360 3735 3334 2115 2519
8212 2015 1565 3281 3108 3010 2732 2716
8704 1855 1393 2685 2739 3050 2277 2464
7830 2010 1108 2430 2864 2480 2191 2348
9116 2137 1216 2535 3529 2970 1890 2147
8488 1912 1479 2958 3075 2972 2011 2096
8624 1910 1741 3042 3285 2791 2006 2223
10730 2083 1742 2931 2945 2849 1953 2295
9111 2131 1589 2863 2565 3129 2348 2328
8252 1945 1367 2478 2464 2842 2210 2117
7968 1913 1206 1987 2458 2471 2174 2207
9816 2405 1245 2465 2710 2384 1960 2398
9135 3174 1632 3158 2755 2701 2257 2304
9588 2481 1610 3287 2970 3037 2542 2161
8831 2296 1684 3316 2917 2925 2188 2254
7948 1877 1727 3398 2343 2818 2280 2147
8212 1835 1599 2739 2429 3084 2120 2246
9897 1787 1156 2279 2658 2963 1939 2279
9982 2189 1286 2622 2672 2736 2205 2080
11309 2456 1706 3082 3036 2833 1995 2207
9263 2358 1878 3247 2878 3142 2053 2122
11272 2218 1803 3516 2240 3110 2024 2429
11307 2233 1760 3401 2242 3160 2227 2479
10087 2008 1557 2941 2172 2955 2155 2305
10104 2130 2557 2199 2567 2587 1898 2261
10883 2364 1593 2805 2607 2739 2081 2180
14782 2082 1728 3867 2437 2729 2097 2104
12175 1813 1880 3902 2748 2724 2124 2161
8891 1783 1893 4320 2049 2559 2379 2308
8351 1764 1826 4119 2221 2671 2048 2326
9348 1840 1520 3063 2320 2757 2208 2161
8897 1852 1205 2571 2596 2468 1997 2137
8774 2020 1349 2923 2304 2557 2144 2177
9446 2271 1665 3722 2839 2933 2293 2060
10185 2170 2057 4401 2933 3115 2365 2033
8714 2250 1965 4236 2459 3192 1903 2135
8457 2140 1837 4329 2085 2945 2333 2132
8337 1947 2080 3799 1822 2738 1977 2046
8832 1994 1674 2702 2202 2806 1926 2290
12046 2000 1584 3367 2230 2845 2123 2230
8826 1919 2080 4555 2753 4205 2261 1892
7561 1819 2074 4886 2423 4372 8154 1882
7547 1937 2089 4745 2125 3796 6595 2222
8353 1806 2051 5025 2149 3309 2972 2066
7374 1670 1814 3995 2109 3316 2318 2135
7956 1636 1388 2777 2560 3605 2273 2492
9438 1908 2445 3819 2231 3358 2232 2207
9163 1789 2101 5160 2426 3302 2369 2122
7677 1779 1915 5463 2000 3173 2206 1916
8498 1770 1934 5071 1834 3120 2341 2152
8206 1833 1969 5336 1962 3067 2026 2136
7544 1827 1762 3999 1566 3144 2654 2079
7506 1888 1393 2856 1812 2705 2039 2095
8538 1846 1546 3977 1958 2890 2202 2327
8742 1882 2085 5221 5335 3064 2148 1945
7330 1833 2074 5478 2077 3251 2385 1797
7827 1818 2023 5343 2091 2855 2139 2150
7354 1768 1977 5064 2167 3199 2305 2120
6971 1673 1822 3974 1911 3039 2266 2154
7535 1608 1470 3111 1993 2566 2276 2251
8910 1696 1645 3722 2260 2679 3121 2262
7932 1687 3182 5128 2102 2819 2429 1976
8665 1586 2171 5665 1812 2948 2718 2356
7479 1859 2040 5409 1637 3051 2464 2523
6743 1837 2001 5109 1774 2631 2323 2231
10782 1631 1872 4443 1735 2485 2332 2152
10002 1724 1493 3198 1758 2496 1902 2264
11109 1670 1605 4149 1969 2534 2376 2321
7824 1828 2018 5472 1948 3027 2286 2136
7732 1732 2228 5795 1646 2967 2234 2001
9448 1742 2175 5692 1549 2999 2247 2351
7654 2161 2268 5606 1871 2737 2226 2537
7572 1999 1867 4634 2205 2703 2026 2357
6788 2020 1578 3239 1897 2613 2059 2479
7985 1848 1749 4307 2305 2802 2168 2420
8254 1743 2275 6088 2770 3078 2299 2080
7042 1807 2275 5989 2034 2935 2116 2031
7287 1832 2302 5819 1635 2679 2153 2578
6674 1800 3233 5686 1581 2585 2240 2587
7070 1574 1955 4430 1738 2679 2195 2401
7986 1672 1495 3144 2373 2423 2129 2454
7622 1812 1654 4224 2302 2729 2156 2465
7113 1819 2174 5503 1913 2709 2239 2174
8330 1663 2148 5518 1865 2673 2187 1989
6828 1669 2236 5462 1765 2627 2194 2542
6982 1564 2206 4984 1947 2772 2180 2295
7560 1590 1792 4468 1933 2927 2048 2287
7191 1574 1460 2939 2662 2721 2066 2372
9859 1790 1708 4006 1955 2735 1996 2215
9914 2325 2189 5296 1732 3402 2226 2163
9355 1974 2306 5422 1662 3093 1968 2663
7483 1782 2289 4939 1623 2909 2064 2636
6874 1773 2138 4788 1779 2873 2026 2190
6696 2029 1859 4230 2016 2962 2057 2207
9402 2127 1562 3269 2683 3068 2063 2475
12555 2003 1795 4054 1944 2947 2164 2419
7728 2011 2280 5997 1743 2874 2469 2037
6724 1742 2195 5974 1550 3196 2160 2196
6577 1833 2078 6535 1592 3380 1930 7452
7333 1882 2173 5977 1670 3018 2078 9350
7486 1977 2379 4756 1501 3035 2329 4329
7403 1981 1630 3341 1853 2668 1985 3548
8948 2024 1769 4173 4724 2790 2349 3043
8825 1852 2359 5935 2371 3075 2416 2842
7204 1969 2834 6050 2531 3149 2222 2787
6655 2147 2191 6497 2066 3224 3046 2894
6721 1938 2149 6092 1877 2912 2502 2720
6842 1889 1829 4835 2108 2957 3007 2593
8667 1797 1515 3612 1804 2710 2435 2517
8420 1898 1775 5367 1840 2878 2297 2453
7884 1766 2198 6089 2162 3044 2279 2364
7641 1731 3255 6265 2360 3173 2303 2382
6942 1825 3294 6031 1907 3119 2326 2438
7581 1673 2262 5284 2836 3703 2220 2248
7761 1743 2001 4165 2142 3830 2539 2298
8385 1905 1804 3480 2830 3917 2925 2490
8990 2129 2307 4514 2247 3978 2650 2247
9023 2088 2421 6301 1987 4556 2402 2231
9823 1924 2341 6266 1921 4470 2427 2063
9008 1759 2454 6689 1863 3569 2468 2167
7345 1760 2194 6036 1791 3425 2509 2110
8148 1820 2292 4993 1836 4019 2661 2226
7836 1797 1655 3728 2242 3321 2221 2252
8965 1836 1780 4641 2366 3396 2945 2196
8258 1722 2397 6565 2662 3662 2555 1980
8673 1829 2585 6949 2603 4520 2494 2065
8529 1967 2614 7040 2566 3575 2766 2187
8502 1671 2170 7108 2014 3227 2367 2031
11730 1764 2001 5945 2971 3285 2429 2138
13575 1847 1590 4446 6307 4079 2653 2175
10122 1858 1819 6176 3750 4036 2825 2313
8701 2034 2305 9466 2504 4238 2690 2082
8536 1868 2152 7497 2495 4065 3063 1927
10606 1903 2205 6737 2628 3967 3462 2075
10385 1706 2096 6211 2335 3726 2490 2040
11816 1973 1916 4863 2332 3814 2225 1993
9226 1783 1506 3204 4523 3166 2029 2149
9473 1861 1540 3853 2895 3259 2356 2121
10987 1927 2026 4879 2193 3534 2305 1969
8599 2051 1928 4932 2584 3418 2300 2063
8054 2416 1774 4497 2535 3588 2430 2058
9199 2064 1673 3975 2438 5149 2322 2050
7674 2166 1432 2875 2331 5093 2336 2005
8882 1797 1230 2189 2660 4502 2341 2150
9943 2057 1169 2102 2486 4196 2048 2075
9550 1948 1168 2129 2742 4378 2124 1995
8171 1633 1084 1839 3126 4733 2139 1749
9048 2077 1284 2345 3243 4709 2326 2040
9545 2303 1492 2561 3459 4639 2391 2268
10329 2152 1486 2607 5194 4555 2830 2290
9990 2237 1394 2734 3767 4451 2678 2337
10669 2332 1297 2340 4250 5047 2526 2332
8410 2069 1389 2147 3286 4216 2506 2233
9090 2258 1248 2227 3499 3657 2095 2147
10159 2555 1875 3384 2878 5144 2633 2302
16254 2360 1944 3668 2270 4813 4517 2236
17971 2225 1874 3568 2211 4836 2666 2281
14206 2263 1535 2927 2553 4543 2534 2270
12471 2278 1732 3286 2878 4798 2683 2400
9858 2357 2112 4651 2474 5422 2439 2103
9961 2332 2184 5157 2103 6844 2376 2002
9311 2259 2196 5727 1859 7343 2841 2061
8987 2060 2393 5529 1739 5547 2563 2021
8718 1958 1930 4445 2099 4537 2670 2066
10938 2071 1570 3329 2069 4141 2167 2275
11785 2114 1738 3980 2321 4226 2424 2303
21310 1913 2135 5962 1965 4683 2430 2027
14245 1941 2347 5894 1710 4355 2456 2130
12803 2242 2390 6239 2183 4091 2514 2402
11987 3632 2369 6456 1966 4138 2346 2631
11088 2286 2108 4765 2005 5099 2301 2384
12061 2099 1662 3620 1986 4483 2311 2737
13802 2336 1936 4465 2509 4356 2616 2909
13916 2021 2404 5740 2294 4519 5001 2689
13427 1868 2648 6978 2242 5200 2879 2639
13693 2037 2619 6133 2277 4641 2721 2673
12144 1894 2376 5909 5676 4250 3157 2684
12162 1973 2369 4857 3336 18577 3473 2696
13668 1945 1938 3468 2582 15807 2840 3013
17103 2186 2989 4410 2448 4403 3007 2984
16016 2429 2625 6387 4745 4321 2702 2767
13669 2208 2605 6549 2181 4098 2753 2643
12186 2120 2658 6285 2220 3988 2608 2500
10522 1972 2397 5908 1781 4365 2587 2423
12907 1770 2324 5026 2057 5309 2471 2419
13009 1903 2005 3730 2160 4659 2757 2790
14488 1919 3120 4705 2456 4644 2520 2968
12017 1894 3028 6265 2372 4360 2363 2515
13621 1831 2712 6986 2294 4261 2711 2433
13507 1927 2647 6344 2107 4421 2760 2346
11895 1747 2646 6220 2139 4766 2500 2270
11370 1869 2375 5371 2265 4358 3242 2407
12874 1831 1885 3679 1996 3934 3018 2837
13512 1889 2261 4540 3325 3824 2791 2666
11762 1953 3120 6323 2773 3774 3315 2374
12615 1921 2755 6318 2035 3834 2676 2325
17686 1875 2646 6191 1916 3681 2547 2465
13315 1654 2329 5449 1742 4373 2581 2185
12611 1661 2302 4879 1734 5510 2884 2177
14768 1862 1949 3848 1870 4834 2585 2570
12707 2052 2153 5160 2565 4356 2565 2577
14001 2055 2751 6182 2010 4290 2684 2573
10492 2097 3139 6282 2060 3737 2720 2386
10742 1954 2685 6820 1792 3978 3662 2358
10302 1774 2822 6939 2064 7032 2991 2163
10926 1671 2540 5184 2061 5639 2740 2351
12342 1654 2024 3883 2642 4768 2721 2763
15116 1620 2196 5465 2775 4612 2904 2833
13056 1678 2744 7059 12717 4532 2621 2338
10426 1737 2840 7359 3819 4585 2537 2267
10726 1683 2672 7216 2602 4721 2693 2319
9850 1701 2497 7078 2063 4284 2596 2321
9118 1526 2014 5604 2021 3882 2559 2365
10408 1705 1770 4272 2173 3802 2427 2565
11923 1711 2138 5572 2504 3933 2879 2809
10115 1625 2458 7102 2178 4331 2593 2405
10593 1536 2539 7529 1789 4321 2514 2577
10926 1600 2538 7590 1722 5309 2813 2362
13328 1538 2353 7773 2149 4879 2693 2270
12081 1563 2315 6394 1740 4456 2642 2431
12253 1829 1852 4033 2143 4223 2464 2773
13289 1953 2014 5400 2446 5180 2687 2743
17566 2037 2556 7416 2365 5161 3563 2627
18792 2083 2601 7063 2016 5174 4429 2454
14016 2141 2614 7138 1936 4526 2746 2522
12736 2117 2610 6819 1708 3964 2707 2655
12270 2249 2355 5389 2246 3528 2786 2310
13557 2395 1908 3589 2036 3186 2540 2525
14001 2309 2199 4360 2194 3322 2723 2749
10658 2067 2580 6484 2104 3752 2660 2445
11047 2147 2460 7227 1917 4359 2822 2288
10989 1852 2404 6563 1892 3860 2824 2491
11097 1965 2461 6377 1770 3948 2850 2635
10799 1869 2134 4742 1692 3776 2792 2775
11021 1928 1842 3443 2079 3527 3928 2989
16225 1975 1934 4087 4861 3665 3410 2928
13475 1874 2412 5361 3082 3803 2887 2728
11837 1841 2268 7250 2162 3729 3453 2567
13724 2069 2249 7682 2034 3445 3041 2637
12460 2012 2690 5331 2469 3452 2572 2776
11944 1893 1859 3550 2549 3335 2154 2682
12481 2051 1541 3227 2555 3183 2010 2787
14507 2395 1679 3382 2457 3302 2060 2677
17167 2378 2041 4464 2442 3590 2373 2400
13151 2216 2331 5224 1747 3679 2391 2322
11759 2031 2412 5689 1765 3380 2314 2307
11427 1744 2265 5324 1868 3366 2158 2218
17752 1869 2105 4389 1785 3419 2081 2128
13529 2026 1733 3294 1654 3651 1797 2335
12825 1778 1893 4079 3117 3279 2157 2419
12913 1771 2400 5551 2140 3638 2024 2357
12404 1594 2533 5800 1775 3434 2429 2337
12427 1841 2360 5623 1737 3505 2161 2033
9450 1771 2304 5600 1797 3271 2334 2078
8538 1737 4308 4616 2165 3108 1999 2090
10020 1808 2802 3514 1798 3004 1747 2327
13043 1998 1997 4296 1804 2937 1785 2470
10653 1746 2488 6802 1627 3140 1911 2206
10271 1712 2453 6319 1510 3000 1886 1950
9786 1777 2436 6191 1582 3124 1839 2056
8862 1632 2460 6067 1525 3147 2024 2029
8270 1531 2184 4830 1518 3003 2213 1993
8776 1698 1719 3837 1971 2782 1655 2158
8981 1761 2036 4530 3358 2812 2017 2220
10574 1628 2504 6412 4260 3170 2139 2179
8410 1536 2578 6024 2345 3028 2280 2106
8176 1651 2470 6446 1855 3093 2275 2083
8071 1673 2263 6344 2132 3165 2191 2093
10194 1615 2055 5396 1626 3105 2010 2067
9098 1693 1730 3491 2078 2921 1984 2096
12602 1808 1922 4427 2124 2995 1996 2256
9996 1701 2376 6118 2289 3201 2203 2094
8905 1604 2286 5724 1865 3070 2157 2007
8778 1758 2082 5913 1913 3003 1908 2014
8273 1749 2121 7078 1784 3064 2043 1990
9585 1592 1869 5219 1695 3047 1879 1948
8963 1702 1503 2991 1660 2738 1694 2120
11521 1732 1725 4016 1683 2886 1777 2302
10827 1840 2212 6525 1742 3098 1998 2115
11167 1758 2234 6228 1610 3168 1983 1898
12561 1700 2084 6059 1665 3350 1967 2067
10928 1642 2204 6067 1581 2846 2008 1911
10974 1687 2184 5187 1541 2868 1876 1988
13922 1772 1730 3179 1649 2781 1773 2291
12077 1707 1851 4300 1513 2742 1887 2218
10794 1751 2229 6213 1571 3042 1972 2072
10283 1824 2206 6258 1504 3087 2047 1977
9925 2117 2200 6244 1683 3257 2297 2002
9702 1703 2135 6143 1567 3469 2213 2054
9176 1779 1947 4939 1648 3275 3274 1964
12245 2001 1572 3072 1606 3083 1770 2238
11241 2050 1711 3984 1668 3002 2032 2455
10425 1824 1962 5564 1736 3156 1873 2119
9733 1769 2307 5723 1748 4443 1889 2155
9110 2082 2243 5003 1543 5589 2195 2192
10586 2052 1915 5164 1655 4494 1994 2055
9182 1820 1805 4246 2406 3713 1812 2072
8381 1716 1413 2711 2720 3312 1781 2152
9386 1742 1677 3329 1649 3343 1682 2262
9567 1922 1966 14568 2459 3673 2243 2164
9735 1851 2154 4678 1821 3778 2266 2309
8537 1790 2109 4870 1813 3883 2026 2242
10398 1897 2871 4674 1762 3781 1834 2051
9757 1740 2041 3836 1765 3536 2169 2058
7813 1846 1573 2746 2286 3278 1823 2084
6625 2081 1616 3315 2146 3365 1775 2312
6964 2141 2111 4999 1730 3474 2035 2044
5372 1878 2238 5035 1615 3514 1841 2017
6119 2013 2075 5291 1627 3436 1841 2130
5915 2415 2115 4931 1589 3474 1994 1985
7204 1924 1897 3573 1940 4045 1850 2369
8726 1968 1667 2758 1709 3883 1629 2361
6679 1849 1846 3318 2353 3564 1776 2404
6118 1924 2209 4890 1747 4130 1798 2285
5130 1864 2182 5451 1600 5543 1780 2108
5322 2346 2072 5039 1574 4957 1753 2167
6035 1958 2093 4565 1539 4796 1959 2110
5747 1910 1911 3386 1710 4310 1801 2195
5530 1861 1387 2525 1499 4173 1513 2328
5550 2226 1482 3028 1536 3953 1546 2184
9279 2147 2122 4668 1625 3990 1729 2204
7880 1878 2103 4363 1668 3650 1746 2297
5926 1930 1915 4134 1511 4155 1685 2214
6412 1785 1923 4024 1481 4931 1954 2329
5503 1669 1607 3129 1507 3905 1734 2160
5794 1660 1412 2406 1399 3393 2104 2289
5893 1813 1569 3090 2550 3339 1822 2390
5453 1936 1913 3781 2648 3538 1839 2352
5727 1843 1961 4108 1672 3464 1821 2224
5475 1887 1771 4105 1582 3772 2036 2274
5011 1815 2110 3866 1545 3961 1893 2374
5059 1707 1789 3081 1679 4044 1694 2137
5333 1877 1250 2936 3093 3517 1498 2257
6491 1933 1409 2763 1843 3003 1773 2270
7218 1876 1861 3691 1739 3211 1917 2201
7942 1849 1977 3594 1629 3327 1967 2301
7614 2435 1851 3405 1679 3491 1769 2172
5673 1940 1683 3297 1402 3698 1534 2072
5130 2102 1606 2708 1519 3387 1559 2163
6003 1884 1295 2104 1753 2809 1549 2216
5392 1763 1382 2570 1634 2959 1414 2255
6118 1704 1860 3349 2516 3424 1725 2125
5830 1780 1844 3516 1825 3476 1744 2270
5287 1496 1868 3305 1549 4163 1995 2291
7441 1550 1773 3225 1754 6705 1715 2226
7251 1492 1567 2856 1616 6577 1594 2138
6438 1497 1236 2145 1557 5027 1330 2464
5207 1630 1307 2751 2019 5297 1562 2325
5915 1657 1802 3281 2169 6381 1770 2119
5542 1648 1847 3298 1948 6272 1735 2121
5435 1661 1830 3645 1499 6202 1785 2123
5665 1687 1716 3333 1565 5938 1647 2134
6208 1544 1759 2678 1700 5879 1862 2268
6256 1572 1230 2599 2947 5247 1542 2300
7377 1615 1352 2598 2126 4993 1505 2298
7862 1672 2131 3337 2767 5309 1695 2200
4790 1362 1756 2854 1261 3170 2380 1691
1926 595 661 1039 630 1406 1479 767
6175 1644 1433 34062 1829 3204 2352 1828
5140 1562 1453 16909 1512 2991 1736 1960
5469 1662 1164 2211 2390 2786 1525 2063
6298 1533 1164 2577 1760 2721 1485 2045
5425 1611 1538 3226 1465 2952 1679 2020
6235 1573 1624 3486 1725 3488 1666 1977
6956 1559 1489 3159 1434 2990 1615 2044
4574 1573 2388 3228 2305 4277 1562 1887
5004 1570 1672 2581 1885 4575 1502 1875
5083 1536 1100 2095 1631 3870 1310 1948
5440 1457 1283 2496 1627 3690 1506 2001
4928 1538 1579 4192 1794 2819 1456 1991
5523 1600 1603 2776 2107 2855 1570 1915
5507 1575 1604 2885 1605 2626 1673 1852
4451 1640 1629 2583 1695 2733 1442 1879
4599 1705 1367 2406 1456 2882 1479 1891
5387 1819 1247 2075 1444 2501 1400 1896
4735 1780 1263 2746 1812 2479 1415 1853
6072 1878 1564 3049 1564 2676 1471 1830
6486 1804 1597 3210 1398 2889 1644 1840
6353 1670 1647 3120 1391 3062 1515 1827
6451 1635 1447 3771 1415 3464 1437 1813
6957 1583 1351 2623 1308 3142 1881 1866
10811 1617 1063 2248 1535 2610 1304 1851
9514 1657 1086 2568 1863 2677 1346 1791
7903 1631 1641 2999 1700 2897 1465 1640
5216 1518 1481 2857 1588 3047 1239 1316
5471 1572 1456 2997 1347 2758 1468 1340
4744 1506 1370 3036 1576 2642 1494 1405
5282 1503 1351 2491 1487 2560 1493 1330
5875 1689 1062 2012 1549 2460 1355 1382
5953 1519 1062 2219 2088 2467 1499 1482
5900 1532 1464 3170 1886 2432 1491 1290
5596 1546 1441 3357 1321 2505 1379 1279
5809 1415 1538 3382 1606 2765 1346 1325
5291 1443 1349 3537 1332 2836 1200 1259
4704 1308 1228 2818 1487 2894 1440 1267
5391 1471 914 2153 2189 2453 1764 1343
5178 1398 1072 2489 1474 2601 1333 1423
5447 1394 1274 2911 1310 2731 1476 1331
5716 1368 1403 3450 1177 2605 1278 1298
5937 1419 1449 3652 1124 2854 1349 1234
4702 1508 1484 3743 1229 2521 1316 1257
4691 1636 1363 3025 1172 2504 1309 1278
5508 1623 1052 2448 1582 2336 1306 1383
6716 1563 1115 2859 1242 2732 1296 1500
5702 1445 1534 4016 1733 2502 1331 1171
5348 1576 1602 4199 1516 2736 1398 1318
4606 1561 1544 4306 1112 2980 1297 1092
4954 1544 1526 4229 1077 10223 1339 1150
6403 1916 1540 3595 1116 19555 1360 1237
5007 1687 1099 2826 1611 3953 1438 1371
7123 1565 1332 3052 1312 2467 1293 1372
5079 1508 1568 4452 1193 2807 1328 1188
4241 1477 1662 4418 1129 3502 1319 1083
4392 1525 1534 4531 1071 2881 1438 1030
4652 1416 1532 4143 1544 2659 1370 1067
4558 1356 1356 3352 1393 3084 1427 1122
4330 1542 1395 2620 1139 3060 1198 1380
4206 1445 1267 3284 1284 3032 1285 1278
4403 1441 1578 4594 1450 5809 1322 1192
4441 1325 1772 4388 1436 6352 1491 1114
4156 1350 1633 4169 1218 5528 1417 1135
4027 1326 1676 4270 1371 5074 1410 1138
4220 1367 1370 3674 1343 4890 1611 1103
4835 1499 1078 2724 1386 5108 1316 1243
4779 1405 1354 3644 1421 3904 1317 1382
4398 1405 1657 4459 1249 4327 1400 1233
3796 1253 1820 4906 1137 3411 1442 1459
7862 1290 1671 5184 1292 2988 1528 1530
6599 1241 1800 5318 1269 2802 1677 1419
4803 1314 1495 3994 1501 2711 1642 1612
4895 1463 1105 2943 1336 2599 1304 1730
6696 1340 1247 3851 1539 2677 1428 1720
5623 1336 1720 4862 1365 2730 1480 1408
4601 1314 1724 4866 1431 2612 1472 1425
5079 1189 1751 5437 1393 2409 1471 1396
4956 1266 1618 4976 1203 2623 1424 1361
5087 1370 1471 4585 1144 2619 1388 1421
5045 1442 1212 3105 1411 2320 1233 1521
5680 1357 1260 3535 1729 2360 1421 1591
4746 1348 1723 4394 1626 2483 1692 1568
4200 1320 1725 4813 1246 2438 1591 1400
4005 1505 1750 5648 1216 2387 1674 1407
3886 1515 1688 4864 1383 2480 1483 1531
3764 1363 1832 4222 1355 2529 1826 1335
4388 1475 1362 2829 1413 2221 1520 1511
4182 1561 1416 3551 1514 2275 1658 1476
4133 1394 1833 4728 1509 2593 1634 1326
3688 1288 1989 4920 1399 2435 1667 1254
4482 1239 2011 5349 1466 2438 2068 1297
4091 1157 1596 3908 1202 2500 1417 1346
6009 1267 1250 2849 1396 2819 1400 1317
6261 1485 1485 3418 1283 2346 1618 1319
4195 1284 1917 4540 1362 2441 1545 1173
4006 1303 1930 5092 1543 2484 1435 1178
5123 1241 1714 4479 1398 3133 1560 1218
4003 1288 1798 3980 1331 3178 1481 1234
3992 1212 1566 3254 1421 2487 1406 1231
4452 1297 1387 2629 1300 2399 1198 1383
4965 1313 1311 2932 1513 2784 1834 1385
3647 1193 1695 4526 1481 3048 1642 1298
3467 1169 1824 4889 1432 3246 1461 1148
3454 1208 1875 4932 1440 3023 1553 1343
3264 1215 1826 4993 1527 2760 1747 1248
3485 1297 1607 4037 1537 2785 1507 1244
4166 1590 1351 2991 1424 3171 1416 1388
4814 1433 1402 3859 1713 3071 1804 1484
9801 1530 1862 5108 1907 3265 1980 1388
9191 1582 2080 5664 1698 3191 2081 1327
6539 1551 2023 6114 2634 3223 2067 1271
6768 1696 2015 5402 2254 3221 2238 1222
6218 1601 1691 4593 1506 3872 2030 1322
6194 1756 1471 3314 4958 4109 1838 1378
5706 1731 1516 4222 2127 4759 1935 1416
4757 1502 2050 5886 2010 4382 2193 1394
4292 1493 2007 5715 1558 3983 2080 1275
3443 1605 1939 5049 1673 2747 2269 1258
4406 1506 1851 4960 1487 2587 1916 1266
4896 1599 1575 4335 1648 2544 1594 1177
5764 1603 1510 2779 1880 2452 1472 1405
6513 1449 1595 3574 1502 2425 1518 1481
6133 1468 1966 4980 1561 2453 1736 1199
7698 1426 1887 5028 1716 2703 1687 1207
8491 1257 1835 4871 1300 3224 1473 1259
6429 1260 1889 4201 1322 3750 1446 1266
6839 1396 1531 3417 1559 4285 1484 1322
7227 1366 1331 2906 1659 3760 1477 1467
16260 1371 1533 3823 1679 4071 1540 1446
9906 1356 1854 5285 1284 4495 1606 1249
7425 1243 2093 5239 1650 4228 1522 1341
8890 1320 2137 6063 1288 3657 1675 1155
7837 1315 1971 6178 1765 3256 1773 1226
8046 1307 1754 5934 1363 3139 1624 1218
10581 1525 1361 4129 1508 2692 1526 1440
8976 1450 1633 5327 1849 2662 1572 1505
8732 1389 1944 9035 1388 2767 2048 1250
8321 1454 1997 9875 1477 3244 3751 1274
7294 1377 1911 6763 1627 3096 2286 1153
4406 1557 1609 4956 1529 3152 1488 812
4087 1781 1322 4016 1301 3166 1392 819
4410 1498 1104 2409 1551 3127 1222 855
5005 1467 1229 2724 1836 3635 1442 845
4582 1381 1494 3858 1571 3755 1406 853
4539 1337 1408 3938 1327 3721 1376 805
4648 1483 1408 3406 1339 3807 1474 870
4186 1350 1322 3299 1367 3475 1353 829
4560 1416 1058 2353 1474 3530 1325 838
4122 1502 858 1714 1576 3166 1233 814
5662 1549 783 1808 1615 3244 1285 884
4745 1552 1053 2023 1732 3430 1306 897
4643 1438 928 1511 1342 3375 1269 860
4197 1292 774 1387 1393 7737 946 781
5816 1598 862 1666 1420 5698 1428 828
6168 1616 866 1796 1511 4443 1309 867
6137 1646 873 1688 2004 3498 1226 945
5742 1659 942 1748 1698 3606 1208 938
6359 1663 1115 1996 1904 3630 1238 959
5747 1721 953 1746 1507 3675 1211 896
5239 1689 775 1563 1478 3135 1247 801
5867 1915 1220 2252 1755 4461 1301 1002
5587 1545 1182 2133 1420 5705 1353 928
6009 1563 988 1970 1365 3741 1247 982
4986 870 614 1244 848 2036 902 441
0 0 0 0 0 0 0 0
5767 1738 1562 3762 1553 6237 1418 929
6481 1849 1704 3896 1695 4541 1516 894
11617 1651 1640 3764 1322 3953 1518 841
7435 1562 1496 3057 1561 3683 1436 874
7150 1844 1158 2229 1436 3176 1301 995
6298 1713 1232 2900 1810 3333 1425 1018
5737 1652 1528 3683 2179 3286 1420 955
5413 1554 1634 4045 1520 3455 1344 839
5367 1541 1638 4066 1823 3525 1372 814
5417 2088 1668 4247 1616 4234 1657 890
5866 3181 1523 3570 1620 3481 1582 850
5717 2009 1180 2305 1431 3014 1590 846
5830 2054 1241 2876 1711 3591 1507 917
5562 1720 1711 3934 1509 3650 1651 929
10363 1709 2349 3890 1426 3228 1628 896
7551 1536 1702 4030 1499 3242 1730 858
5533 1457 1682 4195 1634 3149 1471 865
5089 1401 1389 3252 2924 3237 1549 912
7192 1784 1038 2112 2031 2764 1310 986
6269 1881 1303 2775 1611 2834 1633 968
5541 1743 1664 4089 1526 3098 1619 870
5210 1696 1622 4074 1473 3203 1658 863
5940 1613 1765 3989 1746 2963 1718 817
6520 1453 1666 3698 1266 3395 1589 887
5576 1499 1443 3268 1605 2748 1532 785
6785 1568 1012 2252 1976 2626 1655 866
6579 1852 1125 2873 1901 2593 1721 959
6146 1872 1551 3922 1898 2663 1556 917
5524 2011 1748 4000 1641 2966 1493 808
5131 1893 1696 4058 2068 3180 1613 860
4712 1702 1711 4161 1762 2828 1413 806
4917 1791 1535 4101 1594 2788 1535 763
5543 1807 1092 2985 2216 2487 1332 857
5715 1850 1384 3286 2327 2599 1407 969
9168 1557 1617 4725 1752 3022 1340 846
8246 1566 1808 5111 1768 2772 1380 813
5515 1688 1689 4090 1710 2891 1430 885
5212 1462 1639 3979 1837 2755 1568 872
5755 1354 1296 3436 1470 2605 1445 817
6659 1474 1074 3260 4407 2374 1224 908
6695 1388 1262 4210 3043 2706 1454 979
5187 1524 1703 4395 2230 3603 1724 906
4917 1476 1860 4852 1614 3190 1624 895
4511 1498 1866 4779 1526 3147 1469 993
5924 1484 1776 4393 1481 2826 1524 933
5517 1588 1637 3368 1407 2778 1317 917
6416 1611 1195 2762 1254 2687 1509 898
5901 1678 1372 3374 1548 2571 1309 975
5204 1483 1809 4538 1509 2788 1402 917
4531 1506 1798 4921 1528 2925 1508 856
11424 1489 1838 4796 1683 2869 1674 815
8502 1424 1687 4548 1520 2855 1472 774
5847 1268 1437 3718 1516 2730 1361 811
5121 1408 1214 2750 1544 2433 1448 901
5340 1296 1338 3383 1820 2403 1452 899
5321 1325 1909 5510 2178 2656 1375 889
